0.3 0.39 0.46 0.51 0.54 0.55 0.54 0.51 0.46 0.39 0.3 
10 2.05009 0.740534 0.553114 0.541778 0.538073 0.520034 0.486514 0.438328 0.375117 0.3 
10 3.22317 1.13866 0.646653 0.557372 0.531204 0.50427 0.468129 0.422004 0.365035 0.3 
10 4.0769 1.5687 0.78068 0.589836 0.532262 0.494007 0.454681 0.410003 0.357868 0.3 
10 4.71607 1.98885 0.942243 0.63894 0.54274 0.490134 0.446192 0.401764 0.352878 0.3 
10 5.20746 2.38044 1.11975 0.702591 0.562947 0.493071 0.442707 0.397031 0.349762 0.3 
10 5.59443 2.73673 1.30421 0.777917 0.59235 0.502807 0.444182 0.395665 0.348384 0.3 
10 5.90578 3.05698 1.48917 0.861933 0.629911 0.518989 0.450446 0.397534 0.348658 0.3 
10 6.16106 3.34321 1.67032 0.951906 0.674351 0.541022 0.46119 0.402462 0.350496 0.3 
10 6.3738 3.5986 1.84493 1.0455 0.724329 0.568171 0.475999 0.410215 0.35379 0.3 
10 6.55363 3.82657 2.01141 1.14081 0.778555 0.599636 0.494386 0.420506 0.358407 0.3 
10 6.7075 4.03046 2.169 1.23633 0.835853 0.634613 0.515823 0.433017 0.364194 0.3 
10 6.84055 4.21331 2.31743 1.33093 0.895194 0.672335 0.539781 0.44741 0.370988 0.3 
10 6.95666 4.37778 2.45678 1.42376 0.955695 0.712094 0.565745 0.46335 0.378621 0.3 
10 7.05881 4.52621 2.58735 1.51419 1.01662 0.753257 0.593232 0.480512 0.386932 0.3 
10 7.14931 4.66062 2.70956 1.6018 1.07736 0.79527 0.621807 0.498595 0.395765 0.3 
10 7.22999 4.78272 2.82387 1.6863 1.13743 0.837656 0.651081 0.517327 0.404978 0.3 
10 7.30233 4.894 2.93079 1.76751 1.19645 0.880015 0.680715 0.536463 0.414445 0.3 
10 7.36751 4.99572 3.03082 1.84535 1.2541 0.922013 0.710419 0.555793 0.424053 0.3 
10 7.4265 5.08897 3.12442 1.91979 1.31017 0.963379 0.739952 0.575136 0.433707 0.3 
10 7.48011 5.17468 3.21207 1.99083 1.36448 1.0039 0.76911 0.594341 0.443324 0.3 
10 7.52902 5.25365 3.29417 2.05854 1.41692 1.04339 0.797732 0.613281 0.452836 0.3 
10 7.57377 5.32659 3.37114 2.12298 1.46741 1.08174 0.825687 0.631855 0.462187 0.3 
10 7.61486 5.39409 3.44333 2.18425 1.5159 1.11885 0.852876 0.649984 0.471333 0.3 
10 7.65269 5.45669 3.51109 2.24246 1.56238 1.15464 0.879221 0.667604 0.480239 0.3 
10 7.6876 5.51484 3.57471 2.29771 1.60685 1.18907 0.904669 0.684668 0.488878 0.3 
10 7.71989 5.56896 3.63449 2.35013 1.64933 1.22213 0.929183 0.701144 0.497231 0.3 
10 7.74983 5.61939 3.69068 2.39983 1.68986 1.25381 0.952741 0.717009 0.505283 0.3 
10 7.77763 5.66646 3.74353 2.44693 1.72848 1.28411 0.975334 0.73225 0.513028 0.3 
10 7.80349 5.71043 3.79326 2.49155 1.76524 1.31305 0.996963 0.746863 0.520459 0.3 
10 7.82759 5.75156 3.84007 2.5338 1.8002 1.34065 1.01763 0.760849 0.527577 0.3 
10 7.85007 5.79008 3.88414 2.57381 1.83342 1.36695 1.03737 0.774213 0.534384 0.3 
10 7.87108 5.82617 3.92566 2.61167 1.86497 1.39198 1.05617 0.786967 0.540884 0.3 
10 7.89072 5.86003 3.96477 2.6475 1.89492 1.41579 1.07409 0.799123 0.547082 0.3 
10 7.90912 5.89181 4.00164 2.6814 1.92332 1.43841 1.09113 0.810698 0.552987 0.3 
10 7.92636 5.92167 4.03639 2.71346 1.95025 1.4599 1.10733 0.821709 0.558607 0.3 
10 7.94252 5.94972 4.06916 2.74379 1.97577 1.48028 1.12272 0.832176 0.56395 0.3 
10 7.9577 5.97611 4.10006 2.77246 1.99995 1.49962 1.13733 0.842117 0.569028 0.3 
10 7.97196 6.00094 4.12921 2.79958 2.02285 1.51796 1.15119 0.851555 0.573849 0.3 
10 7.98535 6.0243 4.15671 2.82521 2.04453 1.53533 1.16434 0.860508 0.578424 0.3 
10 7.99795 6.0463 4.18266 2.84944 2.06505 1.5518 1.1768 0.868998 0.582763 0.3 
10 8.00981 6.06703 4.20715 2.87235 2.08447 1.56739 1.18861 0.877046 0.586877 0.3 
10 8.02096 6.08656 4.23026 2.894 2.10285 1.58215 1.19979 0.884671 0.590776 0.3 
10 8.03147 6.10496 4.25207 2.91447 2.12023 1.59612 1.21038 0.891893 0.594469 0.3 
10 8.04137 6.12231 4.27266 2.93381 2.13667 1.60934 1.22041 0.898732 0.597967 0.3 
10 8.05069 6.13867 4.2921 2.95208 2.15222 1.62185 1.2299 0.905206 0.601278 0.3 
10 8.05948 6.1541 4.31045 2.96935 2.16692 1.63368 1.23888 0.911333 0.604413 0.3 
10 8.06776 6.16866 4.32778 2.98567 2.18082 1.64488 1.24737 0.91713 0.607379 0.3 
10 8.07557 6.18239 4.34414 3.00109 2.19396 1.65546 1.25541 0.922614 0.610185 0.3 
10 8.08294 6.19535 4.35958 3.01567 2.20638 1.66547 1.263 0.927802 0.612839 0.3 
0 6.37422 5.91355 4.32571 3.02015 2.21573 1.67417 1.26991 0.932596 0.61531 0.3 
0 5.16781 5.50998 4.23786 3.00791 2.219 1.68024 1.27552 0.936721 0.617489 0.3 
0 4.29068 5.07286 4.10655 2.97658 2.21389 1.68229 1.27905 0.939763 0.619198 0.3 
0 3.63466 4.64525 3.94542 2.92696 2.19921 1.67921 1.27973 0.941256 0.620219 0.3 
0 3.13085 4.24642 3.76668 2.86162 2.17479 1.67034 1.27697 0.940777 0.62034 0.3 
0 2.73445 3.88333 3.57985 2.78378 2.14126 1.65547 1.27038 0.938014 0.619388 0.3 
0 2.41577 3.55681 3.39175 2.69672 2.0997 1.63478 1.25985 0.932792 0.617251 0.3 
0 2.15465 3.26481 3.20701 2.60337 2.0514 1.60874 1.24547 0.925076 0.613885 0.3 
0 1.93713 3.00415 3.02854 2.50623 1.99771 1.57797 1.22751 0.914954 0.609308 0.3 
0 1.75331 2.77134 2.85809 2.40729 1.93993 1.5432 1.20633 0.902608 0.603591 0.3 
0 1.59603 2.56299 2.69653 2.30814 1.87923 1.50519 1.18238 0.888283 0.596841 0.3 
0 1.46003 2.37603 2.5442 2.20997 1.81665 1.46465 1.15615 0.872264 0.589192 0.3 
0 1.34131 2.20774 2.40104 2.11368 1.75306 1.42226 1.12809 0.854848 0.580786 0.3 
0 1.23683 2.05577 2.2668 2.01989 1.68919 1.37863 1.09867 0.836331 0.571771 0.3 
0 1.14423 1.91806 2.14108 1.92906 1.62565 1.3343 1.06829 0.816995 0.56229 0.3 
0 1.06164 1.79288 2.02341 1.84147 1.56293 1.28974 1.03734 0.797098 0.552475 0.3 
0 0.987546 1.67873 1.91329 1.75731 1.50139 1.24532 1.00612 0.776872 0.542447 0.3 
0 0.92075 1.57432 1.81023 1.67666 1.44134 1.20138 0.974928 0.75652 0.532313 0.3 
0 0.860258 1.47855 1.71375 1.59957 1.383 1.15817 0.943993 0.736215 0.522166 0.3 
0 0.80525 1.39047 1.62338 1.52599 1.32654 1.11592 0.913511 0.716104 0.512085 0.3 
0 0.755045 1.30927 1.5387 1.45589 1.27206 1.07478 0.883638 0.696309 0.502134 0.3 
0 0.70907 1.23424 1.4593 1.38918 1.21964 1.03487 0.8545 0.676926 0.492369 0.3 
0 0.666842 1.16477 1.3848 1.32575 1.16932 0.996297 0.826194 0.658034 0.482832 0.3 
0 0.627947 1.10032 1.31487 1.26551 1.12111 0.959112 0.798791 0.639692 0.473556 0.3 
0 0.592034 1.04041 1.24919 1.20833 1.07501 0.923357 0.772342 0.621944 0.464568 0.3 
0 0.558798 0.984655 1.18747 1.15409 1.03098 0.88905 0.746882 0.604822 0.455885 0.3 
0 0.527978 0.932674 1.12945 1.10267 0.988984 0.856194 0.722428 0.588346 0.447519 0.3 
0 0.499344 0.884151 1.07486 1.05395 0.94898 0.82478 0.698988 0.572526 0.439479 0.3 
0 0.472696 0.8388 1.0235 1.00779 0.91091 0.794786 0.676559 0.557367 0.431768 0.3 
0 0.447859 0.796369 0.975152 0.964077 0.87471 0.766184 0.655129 0.542864 0.424385 0.3 
0 0.424677 0.756629 0.92962 0.922698 0.840315 0.738941 0.634682 0.52901 0.417328 0.3 
0 0.403014 0.719376 0.886728 0.883536 0.807657 0.713015 0.615194 0.515794 0.410591 0.3 
0 0.382747 0.684427 0.846312 0.84648 0.776666 0.688365 0.596641 0.5032 0.404169 0.3 
0 0.363768 0.651616 0.808219 0.811423 0.747273 0.664946 0.578993 0.491211 0.398052 0.3 
0 0.345977 0.620791 0.772306 0.778264 0.719408 0.642709 0.562219 0.479809 0.392232 0.3 
0 0.329287 0.591816 0.738442 0.746904 0.693003 0.621609 0.546288 0.468973 0.3867 0.3 
0 0.313619 0.564564 0.706503 0.717249 0.667989 0.601596 0.531166 0.458681 0.381443 0.3 
0 0.2989 0.538922 0.676376 0.689211 0.644301 0.582624 0.51682 0.448914 0.376453 0.3 
0 0.285064 0.514784 0.647952 0.662704 0.621874 0.564646 0.503217 0.439648 0.371718 0.3 
0 0.272051 0.492053 0.621132 0.637645 0.600648 0.547616 0.490324 0.430863 0.367228 0.3 
0 0.259808 0.47064 0.595822 0.613959 0.580562 0.531488 0.478108 0.422536 0.362971 0.3 
0 0.248282 0.450463 0.571934 0.591572 0.561558 0.51622 0.466538 0.414648 0.358937 0.3 
0 0.237429 0.431445 0.549387 0.570413 0.543582 0.501768 0.455582 0.407176 0.355116 0.3 
0 0.227205 0.413514 0.528103 0.550417 0.52658 0.488093 0.445212 0.400102 0.351498 0.3 
0 0.217571 0.396607 0.50801 0.531519 0.510502 0.475155 0.435397 0.393406 0.348073 0.3 
0 0.208491 0.38066 0.48904 0.513662 0.495299 0.462916 0.426111 0.387069 0.344831 0.3 
0 0.19993 0.365616 0.471129 0.496788 0.480926 0.451341 0.417326 0.381073 0.341764 0.3 
0 0.191857 0.351423 0.454217 0.480843 0.467338 0.440395 0.409016 0.375401 0.338861 0.3 
0 0.184243 0.338031 0.438248 0.465778 0.454493 0.430044 0.401157 0.370036 0.336116 0.3 
0 0.177061 0.325392 0.423168 0.451543 0.442352 0.420259 0.393726 0.364962 0.33352 0.3 
0 0.170284 0.313463 0.408927 0.438093 0.430877 0.411007 0.3867 0.360164 0.331064 0.3 
