0 0.309017 0.587785 0.809017 0.951057 1 0.951057 0.809017 0.587785 0.309017 5.66554e-16 
0 0.305952 0.581956 0.800993 0.941624 0.990082 0.941624 0.800993 0.581956 0.305952 0 
0 0.302918 0.576184 0.793049 0.932285 0.980262 0.932285 0.793049 0.576184 0.302918 0 
0 0.299913 0.570469 0.785183 0.923038 0.97054 0.923038 0.785183 0.570469 0.299913 0 
0 0.296939 0.564811 0.777396 0.913884 0.960914 0.913884 0.777396 0.564811 0.296939 0 
0 0.293994 0.559209 0.769686 0.90482 0.951384 0.90482 0.769686 0.559209 0.293994 0 
0 0.291078 0.553663 0.762052 0.895846 0.941948 0.895846 0.762052 0.553663 0.291078 0 
0 0.288191 0.548172 0.754494 0.886961 0.932606 0.886961 0.754494 0.548172 0.288191 0 
0 0.285333 0.542735 0.747011 0.878164 0.923356 0.878164 0.747011 0.542735 0.285333 0 
0 0.282503 0.537352 0.739602 0.869454 0.914198 0.869454 0.739602 0.537352 0.282503 0 
0 0.279701 0.532023 0.732267 0.860831 0.905131 0.860831 0.732267 0.532023 0.279701 0 
0 0.276927 0.526746 0.725004 0.852293 0.896154 0.852293 0.725004 0.526746 0.276927 0 
0 0.27418 0.521522 0.717813 0.84384 0.887266 0.84384 0.717813 0.521522 0.27418 0 
0 0.271461 0.516349 0.710694 0.835471 0.878466 0.835471 0.710694 0.516349 0.271461 0 
0 0.268769 0.511228 0.703645 0.827185 0.869753 0.827185 0.703645 0.511228 0.268769 0 
0 0.266103 0.506158 0.696667 0.818981 0.861127 0.818981 0.696667 0.506158 0.266103 0 
0 0.263464 0.501138 0.689757 0.810858 0.852587 0.810858 0.689757 0.501138 0.263464 0 
0 0.260851 0.496168 0.682916 0.802816 0.844131 0.802816 0.682916 0.496168 0.260851 0 
0 0.258264 0.491247 0.676143 0.794854 0.835758 0.794854 0.676143 0.491247 0.258264 0 
0 0.255702 0.486374 0.669437 0.78697 0.827469 0.78697 0.669437 0.486374 0.255702 0 
0 0.253166 0.48155 0.662797 0.779165 0.819263 0.779165 0.662797 0.48155 0.253166 0 
0 0.250655 0.476774 0.656224 0.771437 0.811137 0.771437 0.656224 0.476774 0.250655 0 
0 0.248169 0.472046 0.649715 0.763786 0.803092 0.763786 0.649715 0.472046 0.248169 0 
0 0.245708 0.467364 0.643271 0.756211 0.795127 0.756211 0.643271 0.467364 0.245708 0 
0 0.243271 0.462729 0.636891 0.748711 0.787241 0.748711 0.636891 0.462729 0.243271 0 
0 0.240858 0.458139 0.630575 0.741285 0.779433 0.741285 0.630575 0.458139 0.240858 0 
0 0.238469 0.453595 0.624321 0.733933 0.771703 0.733933 0.624321 0.453595 0.238469 0 
0 0.236104 0.449097 0.618129 0.726654 0.764049 0.726654 0.618129 0.449097 0.236104 0 
0 0.233762 0.444643 0.611998 0.719447 0.756471 0.719447 0.611998 0.444643 0.233762 0 
0 0.231444 0.440233 0.605928 0.712311 0.748968 0.712311 0.605928 0.440233 0.231444 0 
0 0.229148 0.435866 0.599919 0.705247 0.74154 0.705247 0.599919 0.435866 0.229148 0 
0 0.226876 0.431543 0.593969 0.698252 0.734185 0.698252 0.593969 0.431543 0.226876 0 
0 0.224626 0.427263 0.588078 0.691327 0.726904 0.691327 0.588078 0.427263 0.224626 0 
0 0.222398 0.423026 0.582245 0.68447 0.719694 0.68447 0.582245 0.423026 0.222398 0 
0 0.220192 0.41883 0.57647 0.677681 0.712556 0.677681 0.57647 0.41883 0.220192 0 
0 0.218008 0.414676 0.570753 0.67096 0.705489 0.67096 0.570753 0.414676 0.218008 0 
0 0.215846 0.410563 0.565092 0.664306 0.698492 0.664306 0.565092 0.410563 0.215846 0 
0 0.213705 0.406491 0.559487 0.657717 0.691565 0.657717 0.559487 0.406491 0.213705 0 
0 0.211586 0.40246 0.553938 0.651194 0.684706 0.651194 0.553938 0.40246 0.211586 0 
0 0.209487 0.398468 0.548444 0.644735 0.677915 0.644735 0.548444 0.398468 0.209487 0 
0 0.207409 0.394516 0.543005 0.638341 0.671191 0.638341 0.543005 0.394516 0.207409 0 
0 0.205352 0.390603 0.537619 0.63201 0.664534 0.63201 0.537619 0.390603 0.205352 0 
0 0.203316 0.386729 0.532287 0.625741 0.657943 0.625741 0.532287 0.386729 0.203316 0 
0 0.201299 0.382894 0.527008 0.619535 0.651418 0.619535 0.527008 0.382894 0.201299 0 
0 0.199303 0.379096 0.521781 0.613391 0.644957 0.613391 0.521781 0.379096 0.199303 0 
0 0.197326 0.375336 0.516606 0.607307 0.63856 0.607307 0.516606 0.375336 0.197326 0 
0 0.195369 0.371614 0.511482 0.601284 0.632227 0.601284 0.511482 0.371614 0.195369 0 
0 0.193431 0.367928 0.50641 0.59532 0.625957 0.59532 0.50641 0.367928 0.193431 0 
0 0.191513 0.364279 0.501387 0.589416 0.619748 0.589416 0.501387 0.364279 0.191513 0 
0 0.189613 0.360666 0.496414 0.58357 0.613602 0.58357 0.496414 0.360666 0.189613 0 
0 0.187733 0.357089 0.491491 0.577782 0.607516 0.577782 0.491491 0.357089 0.187733 0 
0 0.185871 0.353547 0.486616 0.572052 0.601491 0.572052 0.486616 0.353547 0.185871 0 
0 0.184027 0.350041 0.48179 0.566378 0.595525 0.566378 0.48179 0.350041 0.184027 0 
0 0.182202 0.346569 0.477011 0.560761 0.589619 0.560761 0.477011 0.346569 0.182202 0 
0 0.180395 0.343132 0.47228 0.555199 0.583771 0.555199 0.47228 0.343132 0.180395 0 
0 0.178606 0.339729 0.467596 0.549693 0.577981 0.549693 0.467596 0.339729 0.178606 0 
0 0.176835 0.336359 0.462959 0.544241 0.572249 0.544241 0.462959 0.336359 0.176835 0 
0 0.175081 0.333023 0.458367 0.538843 0.566573 0.538843 0.458367 0.333023 0.175081 0 
0 0.173344 0.32972 0.453821 0.533499 0.560954 0.533499 0.453821 0.32972 0.173344 0 
0 0.171625 0.32645 0.44932 0.528207 0.55539 0.528207 0.44932 0.32645 0.171625 0 
0 0.169923 0.323212 0.444864 0.522969 0.549882 0.522969 0.444864 0.323212 0.169923 0 
0 0.168237 0.320007 0.440451 0.517782 0.544428 0.517782 0.440451 0.320007 0.168237 0 
0 0.166569 0.316833 0.436083 0.512646 0.539028 0.512646 0.436083 0.316833 0.166569 0 
0 0.164917 0.313691 0.431758 0.507562 0.533682 0.507562 0.431758 0.313691 0.164917 0 
0 0.163281 0.310579 0.427476 0.502528 0.528389 0.502528 0.427476 0.310579 0.163281 0 
0 0.161662 0.307499 0.423236 0.497544 0.523149 0.497544 0.423236 0.307499 0.161662 0 
0 0.160058 0.304449 0.419038 0.492609 0.51796 0.492609 0.419038 0.304449 0.160058 0 
0 0.158471 0.30143 0.414882 0.487724 0.512823 0.487724 0.414882 0.30143 0.158471 0 
0 0.156899 0.29844 0.410768 0.482886 0.507737 0.482886 0.410768 0.29844 0.156899 0 
0 0.155343 0.29548 0.406694 0.478097 0.502701 0.478097 0.406694 0.29548 0.155343 0 
0 0.153802 0.29255 0.40266 0.473355 0.497715 0.473355 0.40266 0.29255 0.153802 0 
0 0.152277 0.289648 0.398666 0.46866 0.492779 0.46866 0.398666 0.289648 0.152277 0 
0 0.150767 0.286775 0.394712 0.464012 0.487891 0.464012 0.394712 0.286775 0.150767 0 
0 0.149271 0.283931 0.390798 0.45941 0.483052 0.45941 0.390798 0.283931 0.149271 0 
0 0.147791 0.281115 0.386922 0.454854 0.478262 0.454854 0.386922 0.281115 0.147791 0 
0 0.146325 0.278327 0.383084 0.450342 0.473518 0.450342 0.383084 0.278327 0.146325 0 
0 0.144874 0.275567 0.379285 0.445876 0.468822 0.445876 0.379285 0.275567 0.144874 0 
0 0.143437 0.272833 0.375523 0.441454 0.464172 0.441454 0.375523 0.272833 0.143437 0 
0 0.142014 0.270127 0.371799 0.437075 0.459568 0.437075 0.371799 0.270127 0.142014 0 
0 0.140606 0.267448 0.368111 0.432741 0.45501 0.432741 0.368111 0.267448 0.140606 0 
0 0.139211 0.264796 0.36446 0.428449 0.450497 0.428449 0.36446 0.264796 0.139211 0 
0 0.137831 0.26217 0.360845 0.424199 0.446029 0.424199 0.360845 0.26217 0.137831 0 
0 0.136464 0.259569 0.357267 0.419992 0.441606 0.419992 0.357267 0.259569 0.136464 0 
0 0.13511 0.256995 0.353723 0.415827 0.437226 0.415827 0.353723 0.256995 0.13511 0 
0 0.13377 0.254446 0.350215 0.411702 0.432889 0.411702 0.350215 0.254446 0.13377 0 
0 0.132443 0.251922 0.346741 0.407619 0.428596 0.407619 0.346741 0.251922 0.132443 0 
0 0.13113 0.249424 0.343302 0.403576 0.424345 0.403576 0.343302 0.249424 0.13113 0 
0 0.129829 0.24695 0.339898 0.399574 0.420137 0.399574 0.339898 0.24695 0.129829 0 
0 0.128542 0.244501 0.336526 0.395611 0.41597 0.395611 0.336526 0.244501 0.128542 0 
0 0.127267 0.242076 0.333189 0.391687 0.411844 0.391687 0.333189 0.242076 0.127267 0 
0 0.126005 0.239675 0.329884 0.387802 0.407759 0.387802 0.329884 0.239675 0.126005 0 
0 0.124755 0.237298 0.326612 0.383956 0.403715 0.383956 0.326612 0.237298 0.124755 0 
0 0.123518 0.234944 0.323373 0.380148 0.399711 0.380148 0.323373 0.234944 0.123518 0 
0 0.122292 0.232614 0.320166 0.376378 0.395747 0.376378 0.320166 0.232614 0.122292 0 
0 0.12108 0.230307 0.31699 0.372645 0.391822 0.372645 0.31699 0.230307 0.12108 0 
0 0.119879 0.228023 0.313847 0.368949 0.387936 0.368949 0.313847 0.228023 0.119879 0 
0 0.11869 0.225761 0.310734 0.365289 0.384088 0.365289 0.310734 0.225761 0.11869 0 
0 0.117513 0.223522 0.307652 0.361667 0.380279 0.361667 0.307652 0.223522 0.117513 0 
0 0.116347 0.221305 0.304601 0.35808 0.376507 0.35808 0.304601 0.221305 0.116347 0 
0 0.115193 0.21911 0.30158 0.354528 0.372773 0.354528 0.30158 0.21911 0.115193 0 
0 0.114051 0.216937 0.298589 0.351012 0.369076 0.351012 0.298589 0.216937 0.114051 0 
0 0.11292 0.214786 0.295627 0.347531 0.365415 0.347531 0.295627 0.214786 0.11292 0 
0 0.1118 0.212655 0.292695 0.344084 0.361791 0.344084 0.292695 0.212655 0.1118 0 
0 0.110691 0.210546 0.289792 0.340671 0.358203 0.340671 0.289792 0.210546 0.110691 0 
0 0.109593 0.208458 0.286918 0.337292 0.35465 0.337292 0.286918 0.208458 0.109593 0 
0 0.108506 0.206391 0.284072 0.333947 0.351133 0.333947 0.284072 0.206391 0.108506 0 
0 0.10743 0.204344 0.281255 0.330635 0.34765 0.330635 0.281255 0.204344 0.10743 0 
0 0.106364 0.202317 0.278465 0.327356 0.344202 0.327356 0.278465 0.202317 0.106364 0 
0 0.105309 0.20031 0.275704 0.324109 0.340788 0.324109 0.275704 0.20031 0.105309 0 
0 0.104265 0.198324 0.272969 0.320894 0.337408 0.320894 0.272969 0.198324 0.104265 0 
0 0.103231 0.196357 0.270262 0.317712 0.334062 0.317712 0.270262 0.196357 0.103231 0 
0 0.102207 0.194409 0.267581 0.314561 0.330749 0.314561 0.267581 0.194409 0.102207 0 
0 0.101193 0.192481 0.264927 0.311441 0.327468 0.311441 0.264927 0.192481 0.101193 0 
0 0.10019 0.190572 0.2623 0.308352 0.324221 0.308352 0.2623 0.190572 0.10019 0 
0 0.099196 0.188682 0.259698 0.305294 0.321005 0.305294 0.259698 0.188682 0.099196 0 
0 0.0982121 0.186811 0.257123 0.302266 0.317821 0.302266 0.257123 0.186811 0.0982121 0 
0 0.0972381 0.184958 0.254573 0.299268 0.314669 0.299268 0.254573 0.184958 0.0972381 0 
0 0.0962737 0.183123 0.252048 0.2963 0.311548 0.2963 0.252048 0.183123 0.0962737 0 
0 0.0953188 0.181307 0.249548 0.293361 0.308458 0.293361 0.249548 0.181307 0.0953188 0 
0 0.0943734 0.179509 0.247073 0.290452 0.305399 0.290452 0.247073 0.179509 0.0943734 0 
0 0.0934374 0.177729 0.244622 0.287571 0.30237 0.287571 0.244622 0.177729 0.0934374 0 
0 0.0925107 0.175966 0.242196 0.284719 0.299371 0.284719 0.242196 0.175966 0.0925107 0 
0 0.0915932 0.174221 0.239794 0.281895 0.296402 0.281895 0.239794 0.174221 0.0915932 0 
0 0.0906848 0.172493 0.237416 0.279099 0.293462 0.279099 0.237416 0.172493 0.0906848 0 
0 0.0897854 0.170782 0.235061 0.276331 0.290552 0.276331 0.235061 0.170782 0.0897854 0 
0 0.0888949 0.169088 0.23273 0.27359 0.28767 0.27359 0.23273 0.169088 0.0888949 0 
0 0.0880132 0.167411 0.230422 0.270877 0.284817 0.270877 0.230422 0.167411 0.0880132 0 
0 0.0871403 0.165751 0.228136 0.26819 0.281992 0.26819 0.228136 0.165751 0.0871403 0 
0 0.086276 0.164107 0.225874 0.26553 0.279195 0.26553 0.225874 0.164107 0.086276 0 
0 0.0854203 0.162479 0.223633 0.262897 0.276426 0.262897 0.223633 0.162479 0.0854203 0 
0 0.0845731 0.160868 0.221415 0.260289 0.273684 0.260289 0.221415 0.160868 0.0845731 0 
0 0.0837343 0.159272 0.219219 0.257708 0.27097 0.257708 0.219219 0.159272 0.0837343 0 
0 0.0829039 0.157693 0.217045 0.255152 0.268283 0.255152 0.217045 0.157693 0.0829039 0 
0 0.0820816 0.156129 0.214892 0.252621 0.265622 0.252621 0.214892 0.156129 0.0820816 0 
0 0.0812675 0.15458 0.212761 0.250116 0.262987 0.250116 0.212761 0.15458 0.0812675 0 
0 0.0804615 0.153047 0.210651 0.247635 0.260379 0.247635 0.210651 0.153047 0.0804615 0 
0 0.0796635 0.151529 0.208562 0.245179 0.257797 0.245179 0.208562 0.151529 0.0796635 0 
0 0.0788734 0.150026 0.206493 0.242747 0.25524 0.242747 0.206493 0.150026 0.0788734 0 
0 0.0780911 0.148538 0.204445 0.24034 0.252708 0.24034 0.204445 0.148538 0.0780911 0 
0 0.0773166 0.147065 0.202418 0.237956 0.250202 0.237956 0.202418 0.147065 0.0773166 0 
0 0.0765498 0.145606 0.20041 0.235596 0.24772 0.235596 0.20041 0.145606 0.0765498 0 
0 0.0757906 0.144162 0.198422 0.233259 0.245263 0.233259 0.198422 0.144162 0.0757906 0 
0 0.0750389 0.142732 0.196454 0.230946 0.242831 0.230946 0.196454 0.142732 0.0750389 0 
0 0.0742946 0.141317 0.194506 0.228655 0.240423 0.228655 0.194506 0.141317 0.0742946 0 
0 0.0735578 0.139915 0.192577 0.226388 0.238038 0.226388 0.192577 0.139915 0.0735578 0 
0 0.0728282 0.138528 0.190667 0.224142 0.235677 0.224142 0.190667 0.138528 0.0728282 0 
0 0.0721059 0.137154 0.188776 0.221919 0.23334 0.221919 0.188776 0.137154 0.0721059 0 
0 0.0713908 0.135793 0.186903 0.219718 0.231025 0.219718 0.186903 0.135793 0.0713908 0 
0 0.0706827 0.134447 0.18505 0.217539 0.228734 0.217539 0.18505 0.134447 0.0706827 0 
0 0.0699817 0.133113 0.183214 0.215381 0.226466 0.215381 0.183214 0.133113 0.0699817 0 
0 0.0692876 0.131793 0.181397 0.213245 0.224219 0.213245 0.181397 0.131793 0.0692876 0 
0 0.0686004 0.130486 0.179598 0.21113 0.221996 0.21113 0.179598 0.130486 0.0686004 0 
0 0.06792 0.129192 0.177817 0.209036 0.219794 0.209036 0.177817 0.129192 0.06792 0 
0 0.0672464 0.12791 0.176053 0.206963 0.217614 0.206963 0.176053 0.12791 0.0672464 0 
0 0.0665794 0.126642 0.174307 0.20491 0.215456 0.20491 0.174307 0.126642 0.0665794 0 
0 0.0659191 0.125386 0.172578 0.202878 0.213319 0.202878 0.172578 0.125386 0.0659191 0 
0 0.0652653 0.124142 0.170867 0.200866 0.211203 0.200866 0.170867 0.124142 0.0652653 0 
0 0.064618 0.122911 0.169172 0.198874 0.209108 0.198874 0.169172 0.122911 0.064618 0 
0 0.0639771 0.121692 0.167494 0.196901 0.207034 0.196901 0.167494 0.121692 0.0639771 0 
0 0.0633426 0.120485 0.165833 0.194949 0.204981 0.194949 0.165833 0.120485 0.0633426 0 
0 0.0627144 0.11929 0.164188 0.193015 0.202948 0.193015 0.164188 0.11929 0.0627144 0 
0 0.0620924 0.118107 0.16256 0.191101 0.200935 0.191101 0.16256 0.118107 0.0620924 0 
0 0.0614765 0.116935 0.160948 0.189205 0.198942 0.189205 0.160948 0.116935 0.0614765 0 
0 0.0608668 0.115776 0.159351 0.187329 0.196969 0.187329 0.159351 0.115776 0.0608668 0 
0 0.0602631 0.114627 0.157771 0.185471 0.195016 0.185471 0.157771 0.114627 0.0602631 0 
0 0.0596654 0.11349 0.156206 0.183631 0.193081 0.183631 0.156206 0.11349 0.0596654 0 
0 0.0590737 0.112365 0.154657 0.18181 0.191166 0.18181 0.154657 0.112365 0.0590737 0 
0 0.0584878 0.11125 0.153123 0.180007 0.18927 0.180007 0.153123 0.11125 0.0584878 0 
0 0.0579077 0.110147 0.151604 0.178222 0.187393 0.178222 0.151604 0.110147 0.0579077 0 
0 0.0573334 0.109055 0.150101 0.176454 0.185535 0.176454 0.150101 0.109055 0.0573334 0 
0 0.0567647 0.107973 0.148612 0.174704 0.183695 0.174704 0.148612 0.107973 0.0567647 0 
0 0.0562017 0.106902 0.147138 0.172971 0.181873 0.172971 0.147138 0.106902 0.0562017 0 
0 0.0556443 0.105842 0.145679 0.171256 0.180069 0.171256 0.145679 0.105842 0.0556443 0 
0 0.0550925 0.104792 0.144234 0.169557 0.178283 0.169557 0.144234 0.104792 0.0550925 0 
0 0.054546 0.103753 0.142803 0.167875 0.176515 0.167875 0.142803 0.103753 0.054546 0 
0 0.0540051 0.102724 0.141387 0.16621 0.174764 0.16621 0.141387 0.102724 0.0540051 0 
0 0.0534694 0.101705 0.139985 0.164562 0.173031 0.164562 0.139985 0.101705 0.0534694 0 
0 0.0529391 0.100696 0.138596 0.16293 0.171315 0.16293 0.138596 0.100696 0.0529391 0 
0 0.0524141 0.0996975 0.137222 0.161314 0.169616 0.161314 0.137222 0.0996975 0.0524141 0 
0 0.0518942 0.0987087 0.135861 0.159714 0.167933 0.159714 0.135861 0.0987087 0.0518942 0 
0 0.0513795 0.0977297 0.134513 0.15813 0.166268 0.15813 0.134513 0.0977297 0.0513795 0 
0 0.05087 0.0967604 0.133179 0.156562 0.164619 0.156562 0.133179 0.0967604 0.05087 0 
0 0.0503654 0.0958007 0.131858 0.155009 0.162986 0.155009 0.131858 0.0958007 0.0503654 0 
0 0.0498659 0.0948506 0.130551 0.153471 0.161369 0.153471 0.130551 0.0948506 0.0498659 0 
0 0.0493713 0.0939099 0.129256 0.151949 0.159769 0.151949 0.129256 0.0939099 0.0493713 0 
0 0.0488817 0.0929785 0.127974 0.150442 0.158184 0.150442 0.127974 0.0929785 0.0488817 0 
0 0.0483969 0.0920563 0.126705 0.14895 0.156616 0.14895 0.126705 0.0920563 0.0483969 0 
0 0.0479169 0.0911433 0.125448 0.147473 0.155062 0.147473 0.125448 0.0911433 0.0479169 0 
0 0.0474416 0.0902393 0.124204 0.14601 0.153524 0.14601 0.124204 0.0902393 0.0474416 0 
0 0.0469711 0.0893443 0.122972 0.144562 0.152002 0.144562 0.122972 0.0893443 0.0469711 0 
0 0.0465052 0.0884582 0.121752 0.143128 0.150494 0.143128 0.121752 0.0884582 0.0465052 0 
0 0.046044 0.0875809 0.120545 0.141709 0.149001 0.141709 0.120545 0.0875809 0.046044 0 
0 0.0455873 0.0867122 0.119349 0.140303 0.147524 0.140303 0.119349 0.0867122 0.0455873 0 
0 0.0451352 0.0858522 0.118165 0.138912 0.146061 0.138912 0.118165 0.0858522 0.0451352 0 
0 0.0446875 0.0850007 0.116993 0.137534 0.144612 0.137534 0.116993 0.0850007 0.0446875 0 
0 0.0442443 0.0841577 0.115833 0.13617 0.143178 0.13617 0.115833 0.0841577 0.0442443 0 
0 0.0438055 0.083323 0.114684 0.134819 0.141758 0.134819 0.114684 0.083323 0.0438055 0 
0 0.043371 0.0824966 0.113547 0.133482 0.140352 0.133482 0.113547 0.0824966 0.043371 0 
0 0.0429409 0.0816784 0.112421 0.132158 0.13896 0.132158 0.112421 0.0816784 0.0429409 0 
0 0.042515 0.0808683 0.111306 0.130848 0.137581 0.130848 0.111306 0.0808683 0.042515 0 
0 0.0420933 0.0800663 0.110202 0.12955 0.136217 0.12955 0.110202 0.0800663 0.0420933 0 
0 0.0416758 0.0792722 0.109109 0.128265 0.134866 0.128265 0.109109 0.0792722 0.0416758 0 
0 0.0412625 0.078486 0.108027 0.126993 0.133528 0.126993 0.108027 0.078486 0.0412625 0 
0 0.0408533 0.0777075 0.106955 0.125733 0.132204 0.125733 0.106955 0.0777075 0.0408533 0 
0 0.0404481 0.0769368 0.105894 0.124486 0.130893 0.124486 0.105894 0.0769368 0.0404481 0 
0 0.0400469 0.0761738 0.104844 0.123252 0.129595 0.123252 0.104844 0.0761738 0.0400469 0 
0 0.0396497 0.0754183 0.103804 0.122029 0.128309 0.122029 0.103804 0.0754183 0.0396497 0 
0 0.0392565 0.0746703 0.102775 0.120819 0.127037 0.120819 0.102775 0.0746703 0.0392565 0 
0 0.0388671 0.0739297 0.101755 0.119621 0.125777 0.119621 0.101755 0.0739297 0.0388671 0 
0 0.0384817 0.0731965 0.100746 0.118434 0.124529 0.118434 0.100746 0.0731965 0.0384817 0 
0 0.0381 0.0724705 0.0997471 0.11726 0.123294 0.11726 0.0997471 0.0724705 0.0381 0 
0 0.0377221 0.0717517 0.0987578 0.116097 0.122071 0.116097 0.0987578 0.0717517 0.0377221 0 
0 0.037348 0.0710401 0.0977783 0.114945 0.120861 0.114945 0.0977783 0.0710401 0.037348 0 
0 0.0369776 0.0703355 0.0968085 0.113805 0.119662 0.113805 0.0968085 0.0703355 0.0369776 0 
0 0.0366108 0.0696379 0.0958484 0.112677 0.118475 0.112677 0.0958484 0.0696379 0.0366108 0 
0 0.0362477 0.0689472 0.0948977 0.111559 0.1173 0.111559 0.0948977 0.0689472 0.0362477 0 
0 0.0358882 0.0682634 0.0939566 0.110453 0.116137 0.110453 0.0939566 0.0682634 0.0358882 0 
0 0.0355323 0.0675864 0.0930247 0.109357 0.114985 0.109357 0.0930247 0.0675864 0.0355323 0 
0 0.0351799 0.0669161 0.0921021 0.108272 0.113844 0.108272 0.0921021 0.0669161 0.0351799 0 
0 0.0348309 0.0662524 0.0911886 0.107199 0.112715 0.107199 0.0911886 0.0662524 0.0348309 0 
0 0.0344855 0.0655953 0.0902842 0.106135 0.111597 0.106135 0.0902842 0.0655953 0.0344855 0 
0 0.0341435 0.0649447 0.0893887 0.105083 0.110491 0.105083 0.0893887 0.0649447 0.0341435 0 
0 0.0338048 0.0643006 0.0885022 0.104041 0.109395 0.104041 0.0885022 0.0643006 0.0338048 0 
0 0.0334695 0.0636629 0.0876244 0.103009 0.10831 0.103009 0.0876244 0.0636629 0.0334695 0 
0 0.0331376 0.0630315 0.0867554 0.101987 0.107236 0.101987 0.0867554 0.0630315 0.0331376 0 
0 0.0328089 0.0624063 0.0858949 0.100976 0.106172 0.100976 0.0858949 0.0624063 0.0328089 0 
0 0.0324835 0.0617874 0.085043 0.0999741 0.105119 0.0999741 0.085043 0.0617874 0.0324835 0 
0 0.0321614 0.0611746 0.0841995 0.0989825 0.104076 0.0989825 0.0841995 0.0611746 0.0321614 0 
0 0.0318424 0.0605678 0.0833645 0.0980008 0.103044 0.0980008 0.0833645 0.0605678 0.0318424 0 
0 0.0315266 0.0599671 0.0825376 0.0970288 0.102022 0.0970288 0.0825376 0.0599671 0.0315266 0 
0 0.0312139 0.0593724 0.081719 0.0960665 0.10101 0.0960665 0.081719 0.0593724 0.0312139 0 
0 0.0309043 0.0587835 0.0809085 0.0951137 0.100008 0.0951137 0.0809085 0.0587835 0.0309043 0 
0 0.0305978 0.0582005 0.0801061 0.0941704 0.0990166 0.0941704 0.0801061 0.0582005 0.0305978 0 
0 0.0302943 0.0576232 0.0793116 0.0932364 0.0980345 0.0932364 0.0793116 0.0576232 0.0302943 0 
0 0.0299939 0.0570517 0.078525 0.0923117 0.0970622 0.0923117 0.078525 0.0570517 0.0299939 0 
0 0.0296964 0.0564859 0.0777462 0.0913961 0.0960996 0.0913961 0.0777462 0.0564859 0.0296964 0 
0 0.0294019 0.0559257 0.0769751 0.0904896 0.0951464 0.0904896 0.0769751 0.0559257 0.0294019 0 
0 0.0291103 0.055371 0.0762116 0.0895922 0.0942028 0.0895922 0.0762116 0.055371 0.0291103 0 
0 0.0288215 0.0548218 0.0754558 0.0887036 0.0932685 0.0887036 0.0754558 0.0548218 0.0288215 0 
0 0.0285357 0.0542781 0.0747074 0.0878238 0.0923434 0.0878238 0.0747074 0.0542781 0.0285357 0 
0 0.0282527 0.0537398 0.0739664 0.0869528 0.0914276 0.0869528 0.0739664 0.0537398 0.0282527 0 
0 0.0279725 0.0532068 0.0732328 0.0860904 0.0905208 0.0860904 0.0732328 0.0532068 0.0279725 0 
0 0.027695 0.0526791 0.0725065 0.0852365 0.089623 0.0852365 0.0725065 0.0526791 0.027695 0 
0 0.0274203 0.0521566 0.0717874 0.0843912 0.0887341 0.0843912 0.0717874 0.0521566 0.0274203 0 
0 0.0271484 0.0516393 0.0710754 0.0835542 0.087854 0.0835542 0.0710754 0.0516393 0.0271484 0 
0 0.0268791 0.0511272 0.0703705 0.0827255 0.0869827 0.0827255 0.0703705 0.0511272 0.0268791 0 
0 0.0266125 0.0506201 0.0696725 0.081905 0.08612 0.081905 0.0696725 0.0506201 0.0266125 0 
0 0.0263486 0.050118 0.0689815 0.0810927 0.0852659 0.0810927 0.0689815 0.050118 0.0263486 0 
0 0.0260873 0.0496209 0.0682974 0.0802884 0.0844202 0.0802884 0.0682974 0.0496209 0.0260873 0 
0 0.0258285 0.0491288 0.06762 0.0794921 0.0835829 0.0794921 0.06762 0.0491288 0.0258285 0 
0 0.0255724 0.0486415 0.0669493 0.0787037 0.0827539 0.0787037 0.0669493 0.0486415 0.0255724 0 
0 0.0253187 0.0481591 0.0662853 0.0779231 0.0819332 0.0779231 0.0662853 0.0481591 0.0253187 0 
0 0.0250676 0.0476815 0.0656279 0.0771502 0.0811206 0.0771502 0.0656279 0.0476815 0.0250676 0 
0 0.024819 0.0472086 0.064977 0.0763851 0.080316 0.0763851 0.064977 0.0472086 0.024819 0 
0 0.0245729 0.0467404 0.0643326 0.0756275 0.0795194 0.0756275 0.0643326 0.0467404 0.0245729 0 
0 0.0243291 0.0462768 0.0636945 0.0748774 0.0787308 0.0748774 0.0636945 0.0462768 0.0243291 0 
0 0.0240878 0.0458178 0.0630628 0.0741348 0.0779499 0.0741348 0.0630628 0.0458178 0.0240878 0 
0 0.0238489 0.0453634 0.0624373 0.0733995 0.0771768 0.0733995 0.0624373 0.0453634 0.0238489 0 
0 0.0236124 0.0449135 0.0618181 0.0726715 0.0764114 0.0726715 0.0618181 0.0449135 0.0236124 0 
0 0.0233782 0.044468 0.061205 0.0719508 0.0756535 0.0719508 0.061205 0.044468 0.0233782 0 
0 0.0231464 0.044027 0.0605979 0.0712372 0.0749032 0.0712372 0.0605979 0.044027 0.0231464 0 
0 0.0229168 0.0435903 0.0599969 0.0705306 0.0741603 0.0705306 0.0599969 0.0435903 0.0229168 0 
0 0.0226895 0.043158 0.0594019 0.0698311 0.0734248 0.0698311 0.0594019 0.043158 0.0226895 0 
0 0.0224645 0.0427299 0.0588127 0.0691385 0.0726965 0.0691385 0.0588127 0.0427299 0.0224645 0 
0 0.0222417 0.0423062 0.0582294 0.0684528 0.0719755 0.0684528 0.0582294 0.0423062 0.0222417 0 
0 0.0220211 0.0418866 0.0576519 0.0677739 0.0712617 0.0677739 0.0576519 0.0418866 0.0220211 0 
0 0.0218027 0.0414711 0.0570801 0.0671017 0.0705549 0.0671017 0.0570801 0.0414711 0.0218027 0 
0 0.0215864 0.0410598 0.056514 0.0664362 0.0698551 0.0664362 0.056514 0.0410598 0.0215864 0 
0 0.0213723 0.0406526 0.0559535 0.0657773 0.0691623 0.0657773 0.0559535 0.0406526 0.0213723 0 
0 0.0211604 0.0402494 0.0553985 0.0651249 0.0684764 0.0651249 0.0553985 0.0402494 0.0211604 0 
0 0.0209505 0.0398502 0.0548491 0.064479 0.0677972 0.064479 0.0548491 0.0398502 0.0209505 0 
0 0.0207427 0.039455 0.0543051 0.0638395 0.0671248 0.0638395 0.0543051 0.039455 0.0207427 0 
0 0.020537 0.0390636 0.0537665 0.0632063 0.066459 0.0632063 0.0537665 0.0390636 0.020537 0 
0 0.0203333 0.0386762 0.0532332 0.0625794 0.0657999 0.0625794 0.0532332 0.0386762 0.0203333 0 
0 0.0201316 0.0382926 0.0527053 0.0619588 0.0651473 0.0619588 0.0527053 0.0382926 0.0201316 0 
0 0.019932 0.0379128 0.0521825 0.0613443 0.0645012 0.0613443 0.0521825 0.0379128 0.019932 0 
0 0.0197343 0.0375368 0.051665 0.0607358 0.0638614 0.0607358 0.051665 0.0375368 0.0197343 0 
0 0.0195385 0.0371645 0.0511526 0.0601335 0.0632281 0.0601335 0.0511526 0.0371645 0.0195385 0 
0 0.0193448 0.0367959 0.0506452 0.0595371 0.062601 0.0595371 0.0506452 0.0367959 0.0193448 0 
0 0.0191529 0.036431 0.0501429 0.0589466 0.0619801 0.0589466 0.0501429 0.036431 0.0191529 0 
0 0.0189629 0.0360697 0.0496456 0.0583619 0.0613654 0.0583619 0.0496456 0.0360697 0.0189629 0 
0 0.0187749 0.0357119 0.0491532 0.0577831 0.0607567 0.0577831 0.0491532 0.0357119 0.0187749 0 
0 0.0185887 0.0353577 0.0486657 0.05721 0.0601542 0.05721 0.0486657 0.0353577 0.0185887 0 
0 0.0184043 0.035007 0.0481831 0.0566426 0.0595575 0.0566426 0.0481831 0.035007 0.0184043 0 
0 0.0182218 0.0346598 0.0477052 0.0560808 0.0589669 0.0560808 0.0477052 0.0346598 0.0182218 0 
0 0.018041 0.0343161 0.047232 0.0555246 0.058382 0.0555246 0.047232 0.0343161 0.018041 0 
0 0.0178621 0.0339757 0.0467636 0.0549739 0.057803 0.0549739 0.0467636 0.0339757 0.0178621 0 
0 0.0176849 0.0336388 0.0462998 0.0544287 0.0572297 0.0544287 0.0462998 0.0336388 0.0176849 0 
0 0.0175095 0.0333051 0.0458406 0.0538888 0.0566621 0.0538888 0.0458406 0.0333051 0.0175095 0 
0 0.0173359 0.0329748 0.0453859 0.0533544 0.0561001 0.0533544 0.0453859 0.0329748 0.0173359 0 
0 0.0171639 0.0326478 0.0449358 0.0528252 0.0555437 0.0528252 0.0449358 0.0326478 0.0171639 0 
0 0.0169937 0.032324 0.0444901 0.0523013 0.0549928 0.0523013 0.0444901 0.032324 0.0169937 0 
0 0.0168252 0.0320034 0.0440489 0.0517826 0.0544474 0.0517826 0.0440489 0.0320034 0.0168252 0 
0 0.0166583 0.031686 0.043612 0.051269 0.0539074 0.051269 0.043612 0.031686 0.0166583 0 
0 0.0164931 0.0313717 0.0431795 0.0507605 0.0533727 0.0507605 0.0431795 0.0313717 0.0164931 0 
0 0.0163295 0.0310606 0.0427512 0.050257 0.0528434 0.050257 0.0427512 0.0310606 0.0163295 0 
0 0.0161675 0.0307525 0.0423272 0.0497586 0.0523193 0.0497586 0.0423272 0.0307525 0.0161675 0 
0 0.0160072 0.0304475 0.0419074 0.0492651 0.0518004 0.0492651 0.0419074 0.0304475 0.0160072 0 
0 0.0158484 0.0301455 0.0414917 0.0487765 0.0512866 0.0487765 0.0414917 0.0301455 0.0158484 0 
0 0.0156913 0.0298465 0.0410802 0.0482927 0.050778 0.0482927 0.0410802 0.0298465 0.0156913 0 
0 0.0155356 0.0295505 0.0406728 0.0478137 0.0502743 0.0478137 0.0406728 0.0295505 0.0155356 0 
0 0.0153815 0.0292574 0.0402694 0.0473395 0.0497757 0.0473395 0.0402694 0.0292574 0.0153815 0 
0 0.015229 0.0289673 0.03987 0.04687 0.049282 0.04687 0.03987 0.0289673 0.015229 0 
0 0.0150779 0.02868 0.0394746 0.0464052 0.0487933 0.0464052 0.0394746 0.02868 0.0150779 0 
0 0.0149284 0.0283955 0.0390831 0.0459449 0.0483093 0.0459449 0.0390831 0.0283955 0.0149284 0 
0 0.0147803 0.0281139 0.0386954 0.0454892 0.0478302 0.0454892 0.0386954 0.0281139 0.0147803 0 
0 0.0146338 0.0278351 0.0383117 0.0450381 0.0473558 0.0450381 0.0383117 0.0278351 0.0146338 0 
0 0.0144886 0.027559 0.0379317 0.0445914 0.0468861 0.0445914 0.0379317 0.027559 0.0144886 0 
0 0.0143449 0.0272857 0.0375555 0.0441491 0.0464211 0.0441491 0.0375555 0.0272857 0.0143449 0 
0 0.0142026 0.027015 0.037183 0.0437112 0.0459607 0.0437112 0.037183 0.027015 0.0142026 0 
0 0.0140618 0.0267471 0.0368142 0.0432777 0.0455049 0.0432777 0.0368142 0.0267471 0.0140618 0 
0 0.0139223 0.0264818 0.0364491 0.0428485 0.0450536 0.0428485 0.0364491 0.0264818 0.0139223 0 
0 0.0137842 0.0262192 0.0360876 0.0424235 0.0446067 0.0424235 0.0360876 0.0262192 0.0137842 0 
0 0.0136475 0.0259591 0.0357297 0.0420028 0.0441643 0.0420028 0.0357297 0.0259591 0.0136475 0 
0 0.0135122 0.0257017 0.0353753 0.0415862 0.0437263 0.0415862 0.0353753 0.0257017 0.0135122 0 
0 0.0133782 0.0254468 0.0350245 0.0411737 0.0432926 0.0411737 0.0350245 0.0254468 0.0133782 0 
0 0.0132455 0.0251944 0.0346771 0.0407654 0.0428632 0.0407654 0.0346771 0.0251944 0.0132455 0 
0 0.0131141 0.0249445 0.0343332 0.040361 0.0424381 0.040361 0.0343332 0.0249445 0.0131141 0 
0 0.012984 0.0246971 0.0339926 0.0399607 0.0420172 0.0399607 0.0339926 0.0246971 0.012984 0 
0 0.0128553 0.0244521 0.0336555 0.0395644 0.0416005 0.0395644 0.0336555 0.0244521 0.0128553 0 
0 0.0127278 0.0242096 0.0333217 0.039172 0.0411879 0.039172 0.0333217 0.0242096 0.0127278 0 
0 0.0126015 0.0239695 0.0329912 0.0387835 0.0407794 0.0387835 0.0329912 0.0239695 0.0126015 0 
0 0.0124765 0.0237318 0.032664 0.0383988 0.0403749 0.0383988 0.032664 0.0237318 0.0124765 0 
0 0.0123528 0.0234964 0.03234 0.038018 0.0399745 0.038018 0.03234 0.0234964 0.0123528 0 
0 0.0122303 0.0232634 0.0320193 0.0376409 0.039578 0.0376409 0.0320193 0.0232634 0.0122303 0 
0 0.012109 0.0230327 0.0317017 0.0372676 0.0391855 0.0372676 0.0317017 0.0230327 0.012109 0 
0 0.0119889 0.0228042 0.0313873 0.036898 0.0387968 0.036898 0.0313873 0.0228042 0.0119889 0 
0 0.01187 0.022578 0.031076 0.036532 0.0384121 0.036532 0.031076 0.022578 0.01187 0 
0 0.0117523 0.0223541 0.0307678 0.0361697 0.0380311 0.0361697 0.0307678 0.0223541 0.0117523 0 
0 0.0116357 0.0221324 0.0304626 0.035811 0.0376539 0.035811 0.0304626 0.0221324 0.0116357 0 
0 0.0115203 0.0219129 0.0301605 0.0354558 0.0372804 0.0354558 0.0301605 0.0219129 0.0115203 0 
0 0.011406 0.0216956 0.0298614 0.0351042 0.0369107 0.0351042 0.0298614 0.0216956 0.011406 0 
0 0.0112929 0.0214804 0.0295652 0.034756 0.0365446 0.034756 0.0295652 0.0214804 0.0112929 0 
0 0.0111809 0.0212673 0.029272 0.0344113 0.0361822 0.0344113 0.029272 0.0212673 0.0111809 0 
0 0.01107 0.0210564 0.0289817 0.03407 0.0358233 0.03407 0.0289817 0.0210564 0.01107 0 
0 0.0109602 0.0208476 0.0286942 0.0337321 0.035468 0.0337321 0.0286942 0.0208476 0.0109602 0 
0 0.0108515 0.0206408 0.0284096 0.0333975 0.0351162 0.0333975 0.0284096 0.0206408 0.0108515 0 
0 0.0107439 0.0204361 0.0281279 0.0330663 0.034768 0.0330663 0.0281279 0.0204361 0.0107439 0 
0 0.0106373 0.0202334 0.0278489 0.0327383 0.0344231 0.0327383 0.0278489 0.0202334 0.0106373 0 
0 0.0105318 0.0200327 0.0275727 0.0324136 0.0340817 0.0324136 0.0275727 0.0200327 0.0105318 0 
0 0.0104274 0.019834 0.0272992 0.0320922 0.0337437 0.0320922 0.0272992 0.019834 0.0104274 0 
0 0.010324 0.0196373 0.0270285 0.0317739 0.033409 0.0317739 0.0270285 0.0196373 0.010324 0 
0 0.0102216 0.0194426 0.0267604 0.0314587 0.0330777 0.0314587 0.0267604 0.0194426 0.0102216 0 
0 0.0101202 0.0192497 0.026495 0.0311467 0.0327496 0.0311467 0.026495 0.0192497 0.0101202 0 
0 0.0100198 0.0190588 0.0262322 0.0308378 0.0324248 0.0308378 0.0262322 0.0190588 0.0100198 0 
0 0.00992044 0.0188698 0.025972 0.030532 0.0321032 0.030532 0.025972 0.0188698 0.00992044 0 
0 0.00982204 0.0186826 0.0257144 0.0302291 0.0317848 0.0302291 0.0257144 0.0186826 0.00982204 0 
0 0.00972463 0.0184973 0.0254594 0.0299293 0.0314696 0.0299293 0.0254594 0.0184973 0.00972463 0 
0 0.00962818 0.0183139 0.0252069 0.0296325 0.0311574 0.0296325 0.0252069 0.0183139 0.00962818 0 
0 0.00953269 0.0181322 0.0249569 0.0293386 0.0308484 0.0293386 0.0249569 0.0181322 0.00953269 0 
0 0.00943814 0.0179524 0.0247094 0.0290476 0.0305425 0.0290476 0.0247094 0.0179524 0.00943814 0 
0 0.00934453 0.0177744 0.0244643 0.0287595 0.0302395 0.0287595 0.0244643 0.0177744 0.00934453 0 
0 0.00925186 0.0175981 0.0242217 0.0284743 0.0299396 0.0284743 0.0242217 0.0175981 0.00925186 0 
0 0.00916009 0.0174235 0.0239814 0.0281919 0.0296427 0.0281919 0.0239814 0.0174235 0.00916009 0 
0 0.00906924 0.0172507 0.0237436 0.0279123 0.0293487 0.0279123 0.0237436 0.0172507 0.00906924 0 
0 0.0089793 0.0170796 0.0235081 0.0276354 0.0290576 0.0276354 0.0235081 0.0170796 0.0089793 0 
0 0.00889024 0.0169102 0.0232749 0.0273613 0.0287694 0.0273613 0.0232749 0.0169102 0.00889024 0 
0 0.00880207 0.0167425 0.0230441 0.02709 0.0284841 0.02709 0.0230441 0.0167425 0.00880207 0 
0 0.00871477 0.0165765 0.0228156 0.0268213 0.0282016 0.0268213 0.0228156 0.0165765 0.00871477 0 
0 0.00862833 0.0164121 0.0225893 0.0265553 0.0279219 0.0265553 0.0225893 0.0164121 0.00862833 0 
0 0.00854276 0.0162493 0.0223652 0.0262919 0.0276449 0.0262919 0.0223652 0.0162493 0.00854276 0 
0 0.00845803 0.0160881 0.0221434 0.0260311 0.0273708 0.0260311 0.0221434 0.0160881 0.00845803 0 
0 0.00837414 0.0159286 0.0219238 0.025773 0.0270993 0.025773 0.0219238 0.0159286 0.00837414 0 
0 0.00829109 0.0157706 0.0217064 0.0255173 0.0268305 0.0255173 0.0217064 0.0157706 0.00829109 0 
0 0.00820886 0.0156142 0.0214911 0.0252643 0.0265644 0.0252643 0.0214911 0.0156142 0.00820886 0 
0 0.00812744 0.0154593 0.0212779 0.0250137 0.026301 0.0250137 0.0212779 0.0154593 0.00812744 0 
0 0.00804683 0.015306 0.0210669 0.0247656 0.0260401 0.0247656 0.0210669 0.015306 0.00804683 0 
0 0.00796702 0.0151542 0.0208579 0.02452 0.0257818 0.02452 0.0208579 0.0151542 0.00796702 0 
0 0.00788801 0.0150039 0.0206511 0.0242768 0.0255261 0.0242768 0.0206511 0.0150039 0.00788801 0 
0 0.00780977 0.0148551 0.0204463 0.024036 0.025273 0.024036 0.0204463 0.0148551 0.00780977 0 
0 0.00773232 0.0147077 0.0202435 0.0237976 0.0250223 0.0237976 0.0202435 0.0147077 0.00773232 0 
0 0.00765563 0.0145619 0.0200427 0.0235616 0.0247741 0.0235616 0.0200427 0.0145619 0.00765563 0 
0 0.0075797 0.0144174 0.0198439 0.0233279 0.0245284 0.0233279 0.0198439 0.0144174 0.0075797 0 
0 0.00750452 0.0142745 0.0196471 0.0230965 0.0242851 0.0230965 0.0196471 0.0142745 0.00750452 0 
0 0.00743009 0.0141329 0.0194522 0.0228675 0.0240443 0.0228675 0.0194522 0.0141329 0.00743009 0 
0 0.0073564 0.0139927 0.0192593 0.0226407 0.0238058 0.0226407 0.0192593 0.0139927 0.0073564 0 
0 0.00728344 0.0138539 0.0190683 0.0224161 0.0235697 0.0224161 0.0190683 0.0138539 0.00728344 0 
0 0.0072112 0.0137165 0.0188792 0.0221938 0.0233359 0.0221938 0.0188792 0.0137165 0.0072112 0 
0 0.00713968 0.0135805 0.0186919 0.0219737 0.0231045 0.0219737 0.0186919 0.0135805 0.00713968 0 
0 0.00706887 0.0134458 0.0185065 0.0217557 0.0228753 0.0217557 0.0185065 0.0134458 0.00706887 0 
0 0.00699876 0.0133124 0.018323 0.02154 0.0226485 0.02154 0.018323 0.0133124 0.00699876 0 
0 0.00692935 0.0131804 0.0181413 0.0213263 0.0224238 0.0213263 0.0181413 0.0131804 0.00692935 0 
0 0.00686062 0.0130497 0.0179613 0.0211148 0.0222014 0.0211148 0.0179613 0.0130497 0.00686062 0 
0 0.00679258 0.0129203 0.0177832 0.0209054 0.0219812 0.0209054 0.0177832 0.0129203 0.00679258 0 
0 0.00672521 0.0127921 0.0176068 0.0206981 0.0217632 0.0206981 0.0176068 0.0127921 0.00672521 0 
0 0.00665851 0.0126652 0.0174322 0.0204928 0.0215474 0.0204928 0.0174322 0.0126652 0.00665851 0 
0 0.00659247 0.0125396 0.0172593 0.0202895 0.0213337 0.0202895 0.0172593 0.0125396 0.00659247 0 
0 0.00652708 0.0124153 0.0170881 0.0200883 0.0211221 0.0200883 0.0170881 0.0124153 0.00652708 0 
0 0.00646235 0.0122921 0.0169186 0.0198891 0.0209126 0.0198891 0.0169186 0.0122921 0.00646235 0 
0 0.00639826 0.0121702 0.0167508 0.0196918 0.0207052 0.0196918 0.0167508 0.0121702 0.00639826 0 
0 0.0063348 0.0120495 0.0165847 0.0194965 0.0204998 0.0194965 0.0165847 0.0120495 0.0063348 0 
0 0.00627197 0.01193 0.0164202 0.0193031 0.0202965 0.0193031 0.0164202 0.01193 0.00627197 0 
0 0.00620976 0.0118117 0.0162574 0.0191117 0.0200952 0.0191117 0.0162574 0.0118117 0.00620976 0 
0 0.00614817 0.0116945 0.0160961 0.0189221 0.0198959 0.0189221 0.0160961 0.0116945 0.00614817 0 
0 0.0060872 0.0115785 0.0159365 0.0187345 0.0196986 0.0187345 0.0159365 0.0115785 0.0060872 0 
0 0.00602682 0.0114637 0.0157784 0.0185487 0.0195032 0.0185487 0.0157784 0.0114637 0.00602682 0 
0 0.00596705 0.01135 0.0156219 0.0183647 0.0193098 0.0183647 0.0156219 0.01135 0.00596705 0 
0 0.00590787 0.0112374 0.015467 0.0181825 0.0191183 0.0181825 0.015467 0.0112374 0.00590787 0 
0 0.00584927 0.011126 0.0153136 0.0180022 0.0189286 0.0180022 0.0153136 0.011126 0.00584927 0 
0 0.00579126 0.0110156 0.0151617 0.0178237 0.0187409 0.0178237 0.0151617 0.0110156 0.00579126 0 
0 0.00573382 0.0109064 0.0150113 0.0176469 0.018555 0.0176469 0.0150113 0.0109064 0.00573382 0 
0 0.00567695 0.0107982 0.0148625 0.0174719 0.018371 0.0174719 0.0148625 0.0107982 0.00567695 0 
0 0.00562065 0.0106911 0.0147151 0.0172986 0.0181888 0.0172986 0.0147151 0.0106911 0.00562065 0 
0 0.0055649 0.0105851 0.0145691 0.017127 0.0180084 0.017127 0.0145691 0.0105851 0.0055649 0 
0 0.00550971 0.0104801 0.0144246 0.0169571 0.0178298 0.0169571 0.0144246 0.0104801 0.00550971 0 
0 0.00545507 0.0103762 0.0142815 0.016789 0.017653 0.016789 0.0142815 0.0103762 0.00545507 0 
0 0.00540096 0.0102732 0.0141399 0.0166225 0.0174779 0.0166225 0.0141399 0.0102732 0.00540096 0 
0 0.0053474 0.0101714 0.0139997 0.0164576 0.0173045 0.0164576 0.0139997 0.0101714 0.0053474 0 
0 0.00529436 0.0100705 0.0138608 0.0162944 0.0171329 0.0162944 0.0138608 0.0100705 0.00529436 0 
0 0.00524185 0.00997059 0.0137233 0.0161328 0.016963 0.0161328 0.0137233 0.00997059 0.00524185 0 
0 0.00518986 0.0098717 0.0135872 0.0159728 0.0167947 0.0159728 0.0135872 0.0098717 0.00518986 0 
0 0.00513839 0.0097738 0.0134525 0.0158143 0.0166282 0.0158143 0.0134525 0.0097738 0.00513839 0 
0 0.00508743 0.00967686 0.0133191 0.0156575 0.0164633 0.0156575 0.0133191 0.00967686 0.00508743 0 
0 0.00503697 0.00958088 0.013187 0.0155022 0.0163 0.0155022 0.013187 0.00958088 0.00503697 0 
0 0.00498701 0.00948586 0.0130562 0.0153484 0.0161383 0.0153484 0.0130562 0.00948586 0.00498701 0 
0 0.00493755 0.00939178 0.0129267 0.0151962 0.0159782 0.0151962 0.0129267 0.00939178 0.00493755 0 
0 0.00488858 0.00929863 0.0127985 0.0150455 0.0158198 0.0150455 0.0127985 0.00929863 0.00488858 0 
0 0.00484009 0.00920641 0.0126715 0.0148963 0.0156629 0.0148963 0.0126715 0.00920641 0.00484009 0 
0 0.00479209 0.0091151 0.0125459 0.0147485 0.0155075 0.0147485 0.0125459 0.0091151 0.00479209 0 
0 0.00474456 0.00902469 0.0124214 0.0146023 0.0153537 0.0146023 0.0124214 0.00902469 0.00474456 0 
0 0.00469751 0.00893519 0.0122982 0.0144574 0.0152014 0.0144574 0.0122982 0.00893519 0.00469751 0 
0 0.00465092 0.00884657 0.0121763 0.014314 0.0150507 0.014314 0.0121763 0.00884657 0.00465092 0 
0 0.00460479 0.00875883 0.0120555 0.0141721 0.0149014 0.0141721 0.0120555 0.00875883 0.00460479 0 
0 0.00455912 0.00867196 0.0119359 0.0140315 0.0147536 0.0140315 0.0119359 0.00867196 0.00455912 0 
0 0.0045139 0.00858595 0.0118175 0.0138924 0.0146073 0.0138924 0.0118175 0.00858595 0.0045139 0 
0 0.00446913 0.00850079 0.0117003 0.0137546 0.0144624 0.0137546 0.0117003 0.00850079 0.00446913 0 
0 0.00442481 0.00841648 0.0115843 0.0136182 0.014319 0.0136182 0.0115843 0.00841648 0.00442481 0 
0 0.00438092 0.00833301 0.0114694 0.0134831 0.014177 0.0134831 0.0114694 0.00833301 0.00438092 0 
0 0.00433747 0.00825036 0.0113556 0.0133494 0.0140364 0.0133494 0.0113556 0.00825036 0.00433747 0 
0 0.00429445 0.00816853 0.011243 0.013217 0.0138971 0.013217 0.011243 0.00816853 0.00429445 0 
0 0.00425186 0.00808752 0.0111315 0.0130859 0.0137593 0.0130859 0.0111315 0.00808752 0.00425186 0 
0 0.00420969 0.0080073 0.0110211 0.0129561 0.0136228 0.0129561 0.0110211 0.0080073 0.00420969 0 
0 0.00416794 0.00792789 0.0109118 0.0128276 0.0134877 0.0128276 0.0109118 0.00792789 0.00416794 0 
0 0.0041266 0.00784926 0.0108036 0.0127004 0.013354 0.0127004 0.0108036 0.00784926 0.0041266 0 
0 0.00408567 0.00777141 0.0106964 0.0125744 0.0132215 0.0125744 0.0106964 0.00777141 0.00408567 0 
0 0.00404515 0.00769433 0.0105903 0.0124497 0.0130904 0.0124497 0.0105903 0.00769433 0.00404515 0 
0 0.00400503 0.00761802 0.0104853 0.0123262 0.0129606 0.0123262 0.0104853 0.00761802 0.00400503 0 
0 0.00396531 0.00754246 0.0103813 0.012204 0.012832 0.012204 0.0103813 0.00754246 0.00396531 0 
0 0.00392598 0.00746766 0.0102784 0.0120829 0.0127047 0.0120829 0.0102784 0.00746766 0.00392598 0 
0 0.00388704 0.00739359 0.0101764 0.0119631 0.0125787 0.0119631 0.0101764 0.00739359 0.00388704 0 
0 0.00384849 0.00732026 0.0100755 0.0118444 0.012454 0.0118444 0.0100755 0.00732026 0.00384849 0 
0 0.00381032 0.00724766 0.00997555 0.011727 0.0123305 0.011727 0.00997555 0.00724766 0.00381032 0 
0 0.00377253 0.00717578 0.00987661 0.0116107 0.0122082 0.0116107 0.00987661 0.00717578 0.00377253 0 
0 0.00373511 0.00710461 0.00977866 0.0114955 0.0120871 0.0114955 0.00977866 0.00710461 0.00373511 0 
0 0.00369807 0.00703415 0.00968167 0.0113815 0.0119672 0.0113815 0.00968167 0.00703415 0.00369807 0 
0 0.00366139 0.00696438 0.00958565 0.0112686 0.0118485 0.0112686 0.00958565 0.00696438 0.00366139 0 
0 0.00362508 0.00689531 0.00949058 0.0111568 0.011731 0.0111568 0.00949058 0.00689531 0.00362508 0 
0 0.00358912 0.00682692 0.00939645 0.0110462 0.0116147 0.0110462 0.00939645 0.00682692 0.00358912 0 
0 0.00355353 0.00675921 0.00930326 0.0109366 0.0114995 0.0109366 0.00930326 0.00675921 0.00355353 0 
0 0.00351828 0.00669217 0.00921099 0.0108282 0.0113854 0.0108282 0.00921099 0.00669217 0.00351828 0 
0 0.00348339 0.0066258 0.00911963 0.0107208 0.0112725 0.0107208 0.00911963 0.0066258 0.00348339 0 
0 0.00344884 0.00656008 0.00902918 0.0106144 0.0111607 0.0106144 0.00902918 0.00656008 0.00344884 0 
0 0.00341464 0.00649502 0.00893963 0.0105092 0.01105 0.0105092 0.00893963 0.00649502 0.00341464 0 
0 0.00338077 0.0064306 0.00885097 0.0104049 0.0109404 0.0104049 0.00885097 0.0064306 0.00338077 0 
0 0.00334724 0.00636683 0.00876318 0.0103017 0.0108319 0.0103017 0.00876318 0.00636683 0.00334724 0 
0 0.00331404 0.00630368 0.00867627 0.0101996 0.0107245 0.0101996 0.00867627 0.00630368 0.00331404 0 
0 0.00328117 0.00624116 0.00859022 0.0100984 0.0106181 0.0100984 0.00859022 0.00624116 0.00328117 0 
0 0.00324863 0.00617926 0.00850502 0.00999825 0.0105128 0.00999825 0.00850502 0.00617926 0.00324863 0 
0 0.00321641 0.00611797 0.00842067 0.00989909 0.0104085 0.00989909 0.00842067 0.00611797 0.00321641 0 
0 0.00318451 0.00605729 0.00833715 0.00980091 0.0103053 0.00980091 0.00833715 0.00605729 0.00318451 0 
0 0.00315292 0.00599722 0.00825446 0.0097037 0.0102031 0.0097037 0.00825446 0.00599722 0.00315292 0 
0 0.00312165 0.00593774 0.00817259 0.00960746 0.0101019 0.00960746 0.00817259 0.00593774 0.00312165 0 
0 0.00309069 0.00587885 0.00809154 0.00951217 0.0100017 0.00951217 0.00809154 0.00587885 0.00309069 0 
0 0.00306004 0.00582054 0.00801129 0.00941783 0.00990249 0.00941783 0.00801129 0.00582054 0.00306004 0 
0 0.00302969 0.00576281 0.00793183 0.00932443 0.00980428 0.00932443 0.00793183 0.00576281 0.00302969 0 
0 0.00299964 0.00570566 0.00785316 0.00923195 0.00970704 0.00923195 0.00785316 0.00570566 0.00299964 0 
0 0.00296989 0.00564907 0.00777527 0.00914038 0.00961077 0.00914038 0.00777527 0.00564907 0.00296989 0 
0 0.00294044 0.00559304 0.00769816 0.00904973 0.00951545 0.00904973 0.00769816 0.00559304 0.00294044 0 
0 0.00291127 0.00553757 0.00762181 0.00895997 0.00942107 0.00895997 0.00762181 0.00553757 0.00291127 0 
0 0.0028824 0.00548265 0.00754622 0.00887111 0.00932764 0.00887111 0.00754622 0.00548265 0.0028824 0 
0 0.00285381 0.00542827 0.00747137 0.00878312 0.00923512 0.00878312 0.00747137 0.00542827 0.00285381 0 
0 0.00282551 0.00537443 0.00739727 0.00869601 0.00914353 0.00869601 0.00739727 0.00537443 0.00282551 0 
0 0.00279748 0.00532113 0.0073239 0.00860977 0.00905284 0.00860977 0.0073239 0.00532113 0.00279748 0 
0 0.00276974 0.00526835 0.00725127 0.00852437 0.00896306 0.00852437 0.00725127 0.00526835 0.00276974 0 
0 0.00274227 0.0052161 0.00717935 0.00843983 0.00887416 0.00843983 0.00717935 0.0052161 0.00274227 0 
0 0.00271507 0.00516437 0.00710814 0.00835612 0.00878615 0.00835612 0.00710814 0.00516437 0.00271507 0 
0 0.00268814 0.00511315 0.00703764 0.00827325 0.00869901 0.00827325 0.00703764 0.00511315 0.00268814 0 
0 0.00266148 0.00506244 0.00696784 0.00819119 0.00861273 0.00819119 0.00696784 0.00506244 0.00266148 0 
0 0.00263508 0.00501223 0.00689874 0.00810995 0.00852731 0.00810995 0.00689874 0.00501223 0.00263508 0 
0 0.00260895 0.00496251 0.00683032 0.00802952 0.00844273 0.00802952 0.00683032 0.00496251 0.00260895 0 
0 0.00258307 0.0049133 0.00676257 0.00794988 0.008359 0.00794988 0.00676257 0.0049133 0.00258307 0 
0 0.00255745 0.00486457 0.0066955 0.00787103 0.00827609 0.00787103 0.0066955 0.00486457 0.00255745 0 
0 0.00253209 0.00481632 0.00662909 0.00779297 0.00819401 0.00779297 0.00662909 0.00481632 0.00253209 0 
0 0.00250698 0.00476855 0.00656335 0.00771568 0.00811274 0.00771568 0.00656335 0.00476855 0.00250698 0 
0 0.00248211 0.00472126 0.00649825 0.00763915 0.00803228 0.00763915 0.00649825 0.00472126 0.00248211 0 
0 0.00245749 0.00467443 0.0064338 0.00756339 0.00795262 0.00756339 0.0064338 0.00467443 0.00245749 0 
0 0.00243312 0.00462807 0.00636999 0.00748837 0.00787374 0.00748837 0.00636999 0.00462807 0.00243312 0 
0 0.00240899 0.00458217 0.00630681 0.0074141 0.00779565 0.0074141 0.00630681 0.00458217 0.00240899 0 
0 0.0023851 0.00453672 0.00624426 0.00734057 0.00771833 0.00734057 0.00624426 0.00453672 0.0023851 0 
0 0.00236144 0.00449173 0.00618233 0.00726777 0.00764178 0.00726777 0.00618233 0.00449173 0.00236144 0 
0 0.00233802 0.00444718 0.00612102 0.00719568 0.00756599 0.00719568 0.00612102 0.00444718 0.00233802 0 
0 0.00231483 0.00440307 0.00606031 0.00712432 0.00749095 0.00712432 0.00606031 0.00440307 0.00231483 0 
0 0.00229187 0.0043594 0.0060002 0.00705366 0.00741666 0.00705366 0.0060002 0.0043594 0.00229187 0 
0 0.00226914 0.00431616 0.00594069 0.0069837 0.0073431 0.0069837 0.00594069 0.00431616 0.00226914 0 
0 0.00224664 0.00427336 0.00588177 0.00691444 0.00727027 0.00691444 0.00588177 0.00427336 0.00224664 0 
0 0.00222435 0.00423097 0.00582343 0.00684586 0.00719816 0.00684586 0.00582343 0.00423097 0.00222435 0 
0 0.00220229 0.00418901 0.00576568 0.00677796 0.00712677 0.00677796 0.00576568 0.00418901 0.00220229 0 
0 0.00218045 0.00414746 0.00570849 0.00671074 0.00705609 0.00671074 0.00570849 0.00414746 0.00218045 0 
0 0.00215882 0.00410633 0.00565188 0.00664418 0.0069861 0.00664418 0.00565188 0.00410633 0.00215882 0 
0 0.00213741 0.0040656 0.00559582 0.00657828 0.00691682 0.00657828 0.00559582 0.0040656 0.00213741 0 
0 0.00211621 0.00402528 0.00554032 0.00651304 0.00684821 0.00651304 0.00554032 0.00402528 0.00211621 0 
