0.3 0.39 0.46 0.51 0.54 0.55 0.54 0.51 0.46 0.39 0.3 
10 0.507816 0.460946 0.509751 0.539522 0.548686 0.537745 0.507118 0.457219 0.387623 0.3 
10 1.55587 0.534082 0.511695 0.536764 0.541766 0.526674 0.493679 0.44433 0.378363 0.3 
10 2.38559 0.694704 0.526088 0.534516 0.534583 0.5161 0.481678 0.43344 0.371548 0.3 
10 3.0526 0.90434 0.557171 0.534642 0.52773 0.506205 0.471001 0.424225 0.366082 0.3 
10 3.59681 1.13843 0.605037 0.538742 0.521917 0.497195 0.461534 0.416318 0.361519 0.3 
10 4.04714 1.38149 0.667825 0.547861 0.51783 0.489304 0.453196 0.409466 0.357623 0.3 
10 4.42475 1.62393 0.74293 0.562503 0.516037 0.482771 0.445966 0.403517 0.35426 0.3 
10 4.74531 1.85999 0.827629 0.582738 0.516953 0.477818 0.439869 0.398393 0.351352 0.3 
10 5.02053 2.08638 0.919397 0.60833 0.520829 0.474633 0.434959 0.394069 0.348863 0.3 
10 5.25925 2.30141 1.01603 0.638844 0.527773 0.473357 0.431302 0.390551 0.34678 0.3 
10 5.46826 2.50439 1.1157 0.673739 0.537776 0.474079 0.428959 0.38786 0.345104 0.3 
10 5.65278 2.69526 1.21691 0.712429 0.55074 0.476838 0.427978 0.386025 0.343847 0.3 
10 5.81691 2.87433 1.31846 0.754324 0.566502 0.481627 0.428389 0.385071 0.343021 0.3 
10 5.96389 3.04214 1.41944 0.798862 0.584857 0.488401 0.430199 0.385015 0.342636 0.3 
10 6.09629 3.19932 1.51914 0.845522 0.605573 0.497084 0.433396 0.385866 0.342701 0.3 
10 6.21621 3.34657 1.61704 0.893832 0.62841 0.507576 0.437948 0.387617 0.343216 0.3 
10 6.32535 3.48458 1.71276 0.943373 0.653122 0.51976 0.443806 0.390252 0.344179 0.3 
10 6.42511 3.61403 1.80602 0.993779 0.679474 0.533507 0.450908 0.393744 0.34558 0.3 
10 6.51666 3.73556 1.89667 1.04473 0.707235 0.548682 0.45918 0.398058 0.347404 0.3 
10 6.60098 3.84978 1.98458 1.09596 0.736191 0.565148 0.468541 0.403148 0.349634 0.3 
10 6.67888 3.95725 2.06971 1.14723 0.766143 0.582766 0.478905 0.408966 0.352246 0.3 
10 6.75107 4.05848 2.15205 1.19834 0.796906 0.601403 0.490183 0.415458 0.355216 0.3 
10 6.81815 4.15394 2.23161 1.24914 0.828313 0.620928 0.502284 0.422568 0.358518 0.3 
10 6.88064 4.24409 2.30843 1.29948 0.860209 0.641218 0.51512 0.430238 0.362122 0.3 
10 6.93899 4.3293 2.38259 1.34925 0.892457 0.662154 0.528604 0.438412 0.366001 0.3 
10 6.9936 4.40995 2.45414 1.39835 0.924934 0.683629 0.542651 0.447033 0.370126 0.3 
10 7.04479 4.48637 2.52316 1.44672 0.957529 0.705538 0.55718 0.456045 0.374468 0.3 
10 7.09289 4.55885 2.58974 1.49429 0.990142 0.727789 0.572116 0.465395 0.379002 0.3 
10 7.13815 4.62769 2.65397 1.54101 1.02269 0.750293 0.587388 0.475034 0.3837 0.3 
10 7.18081 4.69312 2.71592 1.58684 1.05508 0.772972 0.602928 0.484913 0.388537 0.3 
10 7.22109 4.75539 2.7757 1.63176 1.08727 0.795752 0.618674 0.494987 0.39349 0.3 
10 7.25917 4.81469 2.83338 1.67575 1.11918 0.81857 0.63457 0.505216 0.398538 0.3 
10 7.29523 4.87124 2.88904 1.71879 1.15077 0.841364 0.650564 0.51556 0.403659 0.3 
10 7.32942 4.9252 2.94277 1.76088 1.18198 0.864084 0.666608 0.525984 0.408834 0.3 
10 7.36187 4.97674 2.99465 1.802 1.21279 0.88668 0.682658 0.536455 0.414047 0.3 
10 7.39271 5.02601 3.04475 1.84217 1.24315 0.909111 0.698676 0.546945 0.419281 0.3 
10 7.42205 5.07314 3.09314 1.88138 1.27305 0.93134 0.714626 0.557426 0.424521 0.3 
10 7.45 5.11827 3.13989 1.91964 1.30245 0.953334 0.730478 0.567875 0.429756 0.3 
10 7.47665 5.16152 3.18507 1.95695 1.33133 0.975064 0.746203 0.578269 0.434972 0.3 
10 7.50208 5.20298 3.22874 1.99334 1.35969 0.996505 0.761777 0.588589 0.440159 0.3 
10 7.52638 5.24277 3.27097 2.02881 1.38751 1.01764 0.777178 0.598819 0.445308 0.3 
10 7.54961 5.28097 3.3118 2.06337 1.41478 1.03844 0.792387 0.608943 0.45041 0.3 
10 7.57184 5.31766 3.3513 2.09704 1.44148 1.0589 0.807387 0.618947 0.455458 0.3 
10 7.59313 5.35294 3.38951 2.12983 1.46763 1.079 0.822165 0.628821 0.460446 0.3 
10 7.61353 5.38687 3.42648 2.16177 1.49321 1.09873 0.836708 0.638554 0.465368 0.3 
10 7.6331 5.41953 3.46226 2.19286 1.51822 1.11809 0.851006 0.648138 0.470218 0.3 
10 7.65188 5.45097 3.49691 2.22312 1.54267 1.13707 0.865051 0.657565 0.474993 0.3 
10 7.66991 5.48126 3.53045 2.25257 1.56655 1.15566 0.878836 0.66683 0.47969 0.3 
10 7.68725 5.51045 3.56292 2.28123 1.58988 1.17386 0.892356 0.675927 0.484305 0.3 
10 7.70392 5.5386 3.59438 2.30912 1.61264 1.19167 0.905606 0.684852 0.488836 0.3 
10 7.71995 5.56574 3.62485 2.33624 1.63486 1.20909 0.918583 0.693602 0.49328 0.3 
10 7.73539 5.59194 3.65437 2.36263 1.65653 1.22611 0.931286 0.702176 0.497637 0.3 
10 7.75025 5.61723 3.68298 2.38829 1.67767 1.24274 0.943713 0.71057 0.501906 0.3 
10 7.76458 5.64165 3.7107 2.41325 1.69827 1.25899 0.955865 0.718785 0.506085 0.3 
10 7.77838 5.66524 3.73757 2.43752 1.71836 1.27484 0.967741 0.72682 0.510174 0.3 
10 7.7917 5.68803 3.76361 2.46112 1.73793 1.29032 0.979343 0.734674 0.514174 0.3 
10 7.80455 5.71006 3.78886 2.48406 1.75699 1.30542 0.990672 0.742349 0.518083 0.3 
10 7.81695 5.73136 3.81334 2.50636 1.77556 1.32014 1.00173 0.749846 0.521903 0.3 
10 7.82892 5.75196 3.83707 2.52804 1.79365 1.3345 1.01252 0.757165 0.525633 0.3 
10 7.84048 5.77189 3.86009 2.54912 1.81125 1.34849 1.02305 0.764308 0.529276 0.3 
10 7.85166 5.79117 3.88241 2.5696 1.82839 1.36213 1.03332 0.771278 0.53283 0.3 
10 7.86245 5.80983 3.90406 2.58951 1.84507 1.37542 1.04333 0.778076 0.536298 0.3 
10 7.87289 5.82789 3.92506 2.60886 1.86131 1.38836 1.05308 0.784704 0.53968 0.3 
10 7.88299 5.84538 3.94543 2.62766 1.87711 1.40096 1.06259 0.791166 0.542978 0.3 
10 7.89275 5.86231 3.96519 2.64593 1.89247 1.41323 1.07185 0.797463 0.546193 0.3 
10 7.90219 5.87871 3.98436 2.66369 1.90743 1.42518 1.08087 0.803598 0.549325 0.3 
10 7.91133 5.8946 4.00296 2.68094 1.92197 1.43681 1.08965 0.809575 0.552377 0.3 
10 7.92018 5.90999 4.02101 2.6977 1.93611 1.44813 1.09821 0.815395 0.555351 0.3 
10 7.92875 5.92491 4.03852 2.71399 1.94987 1.45914 1.10653 0.821063 0.558246 0.3 
10 7.93704 5.93936 4.05552 2.72982 1.96324 1.46985 1.11463 0.826581 0.561065 0.3 
10 7.94507 5.95337 4.07201 2.74519 1.97625 1.48028 1.12252 0.831953 0.56381 0.3 
10 7.95285 5.96695 4.08801 2.76013 1.98889 1.49042 1.13019 0.83718 0.566482 0.3 
10 7.96039 5.98012 4.10355 2.77464 2.00118 1.50028 1.13766 0.842267 0.569082 0.3 
10 7.96769 5.99288 4.11862 2.78874 2.01313 1.50987 1.14492 0.847217 0.571612 0.3 
10 7.97476 6.00526 4.13325 2.80243 2.02475 1.5192 1.15199 0.852032 0.574074 0.3 
10 7.98162 6.01726 4.14746 2.81574 2.03604 1.52826 1.15886 0.856717 0.576469 0.3 
10 7.98827 6.0289 4.16124 2.82866 2.04701 1.53708 1.16554 0.861273 0.578798 0.3 
10 7.99472 6.04019 4.17462 2.84122 2.05767 1.54565 1.17204 0.865704 0.581064 0.3 
10 8.00096 6.05114 4.18761 2.85341 2.06804 1.55399 1.17836 0.870012 0.583268 0.3 
10 8.00702 6.06177 4.20022 2.86526 2.07811 1.56209 1.1845 0.874202 0.585411 0.3 
10 8.0129 6.07207 4.21246 2.87676 2.08789 1.56996 1.19047 0.878276 0.587494 0.3 
10 8.01859 6.08207 4.22435 2.88794 2.0974 1.57761 1.19627 0.882236 0.58952 0.3 
10 8.02412 6.09178 4.23588 2.8988 2.10664 1.58505 1.20192 0.886087 0.59149 0.3 
10 8.02948 6.10119 4.24709 2.90934 2.11562 1.59228 1.2074 0.889829 0.593404 0.3 
10 8.03468 6.11033 4.25796 2.91958 2.12434 1.5993 1.21273 0.893467 0.595266 0.3 
10 8.03972 6.11919 4.26852 2.92953 2.13282 1.60613 1.21791 0.897003 0.597075 0.3 
10 8.04462 6.12779 4.27877 2.93919 2.14105 1.61276 1.22295 0.90044 0.598833 0.3 
10 8.04936 6.13614 4.28872 2.94858 2.14905 1.6192 1.22784 0.903779 0.600542 0.3 
10 8.05397 6.14424 4.29838 2.95769 2.15682 1.62546 1.23259 0.907025 0.602203 0.3 
10 8.05844 6.15211 4.30776 2.96654 2.16437 1.63155 1.23721 0.910179 0.603817 0.3 
10 8.06278 6.15974 4.31687 2.97514 2.1717 1.63746 1.2417 0.913244 0.605385 0.3 
10 8.06699 6.16715 4.32571 2.98349 2.17883 1.6432 1.24606 0.916222 0.606909 0.3 
10 8.07107 6.17434 4.3343 2.9916 2.18575 1.64878 1.2503 0.919116 0.60839 0.3 
10 8.07504 6.18133 4.34264 2.99948 2.19247 1.6542 1.25442 0.921927 0.609829 0.3 
10 8.07889 6.1881 4.35073 3.00713 2.199 1.65947 1.25842 0.924659 0.611227 0.3 
10 8.08262 6.19468 4.35859 3.01456 2.20534 1.66458 1.26231 0.927313 0.612585 0.3 
10 8.08625 6.20107 4.36623 3.02178 2.2115 1.66955 1.26608 0.929891 0.613905 0.3 
10 8.08977 6.20727 4.37364 3.02879 2.21749 1.67438 1.26975 0.932396 0.615187 0.3 
10 8.09318 6.21329 4.38083 3.03559 2.2233 1.67907 1.27331 0.934829 0.616433 0.3 
10 8.0965 6.21913 4.38782 3.0422 2.22895 1.68362 1.27677 0.937193 0.617643 0.3 
0 7.73969 6.21751 4.39449 3.04862 2.23443 1.68805 1.28013 0.93949 0.618818 0.3 
0 6.71063 6.12303 4.39553 3.05456 2.23974 1.69234 1.2834 0.941721 0.61996 0.3 
0 5.89374 5.9477 4.38181 3.05868 2.24469 1.69649 1.28657 0.943887 0.621069 0.3 
0 5.23537 5.72777 4.35007 3.05922 2.24885 1.70039 1.28962 0.945986 0.622145 0.3 
0 4.69693 5.48632 4.3008 3.05479 2.25166 1.70385 1.2925 0.948001 0.623185 0.3 
0 4.2504 5.23787 4.23617 3.04456 2.25252 1.70663 1.2951 0.949898 0.624178 0.3 
0 3.87523 4.99135 4.15897 3.02821 2.25096 1.70845 1.2973 0.951619 0.625104 0.3 
0 3.55618 4.75209 4.07204 3.00585 2.24663 1.70903 1.29894 0.953086 0.625931 0.3 
0 3.28181 4.52308 3.97797 2.97783 2.23934 1.70815 1.29987 0.954211 0.62662 0.3 
0 3.04348 4.30581 3.87897 2.94469 2.22901 1.70563 1.29993 0.954897 0.627128 0.3 
0 2.83455 4.10086 3.77693 2.90705 2.21568 1.70136 1.299 0.955056 0.627407 0.3 
0 2.64988 3.90818 3.67335 2.86555 2.19946 1.69526 1.29699 0.954606 0.627415 0.3 
0 2.48544 3.72741 3.56942 2.82081 2.18054 1.68733 1.29381 0.95348 0.627114 0.3 
0 2.33805 3.55798 3.46608 2.77344 2.15912 1.67759 1.28944 0.951629 0.626471 0.3 
0 2.20514 3.39921 3.36403 2.72397 2.13543 1.6661 1.28385 0.949019 0.625465 0.3 
0 2.08465 3.25042 3.26381 2.67289 2.10973 1.65294 1.27706 0.945635 0.624079 0.3 
0 1.9749 3.11088 3.16579 2.62063 2.08226 1.63823 1.2691 0.941477 0.622309 0.3 
0 1.87449 2.97992 3.07025 2.56757 2.05325 1.62207 1.26002 0.936558 0.620155 0.3 
0 1.78227 2.85689 2.97737 2.51403 2.02292 1.6046 1.24988 0.930904 0.617624 0.3 
0 1.69728 2.74119 2.88726 2.46028 1.9915 1.58595 1.23874 0.924549 0.61473 0.3 
0 1.61868 2.63225 2.79996 2.40655 1.95917 1.56624 1.22669 0.917535 0.611491 0.3 
0 1.54578 2.52956 2.7155 2.35305 1.92612 1.5456 1.21381 0.90991 0.607929 0.3 
0 1.47799 2.43264 2.63386 2.29994 1.8925 1.52417 1.20019 0.901723 0.604065 0.3 
0 1.41478 2.34106 2.55499 2.24735 1.85848 1.50204 1.18589 0.893027 0.599927 0.3 
0 1.35572 2.25442 2.47883 2.19539 1.82419 1.47935 1.17102 0.883876 0.59554 0.3 
0 1.30041 2.17237 2.40532 2.14417 1.78974 1.45619 1.15564 0.874322 0.590931 0.3 
0 1.2485 2.09456 2.33438 2.09375 1.75524 1.43266 1.13983 0.864419 0.586125 0.3 
0 1.1997 2.02071 2.26593 2.04419 1.72079 1.40885 1.12367 0.854215 0.581149 0.3 
0 1.15374 1.95053 2.19987 1.99554 1.68647 1.38485 1.10723 0.843758 0.576028 0.3 
0 1.11039 1.88377 2.13613 1.94783 1.65236 1.36073 1.09056 0.833096 0.570785 0.3 
0 1.06942 1.8202 2.07461 1.90109 1.61853 1.33656 1.07373 0.822269 0.565443 0.3 
0 1.03066 1.75961 2.01524 1.85534 1.58502 1.31241 1.05679 0.811318 0.560022 0.3 
0 0.993939 1.70181 1.95791 1.81059 1.5519 1.28833 1.0398 0.800279 0.554542 0.3 
0 0.959096 1.64661 1.90256 1.76685 1.51919 1.26436 1.02279 0.789187 0.549021 0.3 
0 0.925999 1.59386 1.84911 1.72412 1.48695 1.24057 1.00581 0.778072 0.543477 0.3 
0 0.894522 1.54341 1.79748 1.6824 1.45519 1.21698 0.988898 0.766963 0.537924 0.3 
0 0.864553 1.49511 1.74759 1.64168 1.42395 1.19364 0.972084 0.755885 0.532376 0.3 
0 0.83599 1.44885 1.69938 1.60195 1.39325 1.17057 0.955399 0.744861 0.526845 0.3 
0 0.80874 1.40449 1.65278 1.56321 1.3631 1.14779 0.93887 0.733912 0.521343 0.3 
0 0.782716 1.36195 1.60773 1.52545 1.33353 1.12535 0.92252 0.723056 0.51588 0.3 
0 0.757843 1.3211 1.56416 1.48864 1.30453 1.10324 0.90637 0.71231 0.510465 0.3 
0 0.734047 1.28187 1.52202 1.45278 1.27612 1.0815 0.890436 0.701687 0.505106 0.3 
0 0.711264 1.24416 1.48126 1.41785 1.2483 1.06013 0.874736 0.6912 0.49981 0.3 
0 0.689435 1.20789 1.44181 1.38384 1.22109 1.03915 0.859281 0.68086 0.494583 0.3 
0 0.668502 1.173 1.40363 1.35072 1.19447 1.01856 0.844084 0.670677 0.48943 0.3 
0 0.648416 1.1394 1.36667 1.31848 1.16845 0.998378 0.829153 0.660658 0.484356 0.3 
0 0.62913 1.10705 1.33089 1.2871 1.14303 0.978602 0.814495 0.65081 0.479364 0.3 
0 0.610599 1.07587 1.29625 1.25657 1.1182 0.959239 0.800117 0.641138 0.474459 0.3 
0 0.592784 1.04581 1.26269 1.22686 1.09396 0.94029 0.786024 0.631647 0.469641 0.3 
0 0.575646 1.01681 1.23019 1.19795 1.07031 0.921757 0.772218 0.62234 0.464915 0.3 
0 0.559153 0.988842 1.1987 1.16984 1.04723 0.903639 0.758703 0.613221 0.46028 0.3 
0 0.54327 0.961841 1.16819 1.14249 1.02472 0.885935 0.745479 0.60429 0.45574 0.3 
0 0.527968 0.935771 1.13862 1.11589 1.00278 0.868643 0.732548 0.595549 0.451294 0.3 
0 0.513219 0.91059 1.10996 1.09003 0.981387 0.85176 0.719907 0.586999 0.446942 0.3 
0 0.498997 0.886259 1.08219 1.06488 0.960542 0.835283 0.707558 0.578639 0.442686 0.3 
0 0.485277 0.862744 1.05526 1.04043 0.940234 0.819206 0.695497 0.57047 0.438526 0.3 
0 0.472037 0.840011 1.02916 1.01666 0.920453 0.803526 0.683722 0.56249 0.43446 0.3 
0 0.459255 0.818027 1.00384 0.993558 0.901189 0.788236 0.672231 0.554698 0.430488 0.3 
0 0.44691 0.796762 0.979299 0.971098 0.882432 0.773332 0.661021 0.547092 0.426611 0.3 
0 0.434984 0.776188 0.955495 0.949266 0.864172 0.758807 0.650089 0.539671 0.422826 0.3 
0 0.423459 0.756279 0.932408 0.928047 0.846398 0.744655 0.639429 0.532432 0.419134 0.3 
0 0.412319 0.737007 0.910016 0.907426 0.8291 0.730869 0.629039 0.525373 0.415532 0.3 
0 0.401546 0.71835 0.888294 0.887385 0.812269 0.717442 0.618914 0.518492 0.41202 0.3 
0 0.391128 0.700285 0.867222 0.867909 0.795892 0.704369 0.609049 0.511785 0.408596 0.3 
0 0.381049 0.682788 0.846779 0.848984 0.779961 0.69164 0.59944 0.50525 0.40526 0.3 
0 0.371296 0.665841 0.826945 0.830594 0.764464 0.679251 0.590083 0.498883 0.402009 0.3 
0 0.361857 0.649422 0.807701 0.812726 0.749392 0.667193 0.580971 0.492683 0.398842 0.3 
0 0.352719 0.633513 0.789028 0.795364 0.734734 0.655458 0.572101 0.486644 0.395757 0.3 
0 0.343872 0.618096 0.770907 0.778496 0.72048 0.644041 0.563467 0.480766 0.392754 0.3 
0 0.335304 0.603154 0.753323 0.762107 0.706621 0.632934 0.555065 0.475043 0.38983 0.3 
0 0.327005 0.58867 0.736258 0.746185 0.693146 0.62213 0.546888 0.469473 0.386983 0.3 
0 0.318966 0.574629 0.719697 0.730716 0.680046 0.611621 0.538933 0.464053 0.384213 0.3 
0 0.311176 0.561016 0.703623 0.715689 0.667311 0.6014 0.531194 0.458779 0.381517 0.3 
0 0.303629 0.547816 0.688022 0.70109 0.654932 0.591461 0.523666 0.453648 0.378894 0.3 
0 0.296313 0.535016 0.672879 0.686908 0.642899 0.581797 0.516344 0.448657 0.376342 0.3 
0 0.289223 0.522602 0.658181 0.673132 0.631205 0.5724 0.509223 0.443802 0.373859 0.3 
0 0.28235 0.510562 0.643914 0.659749 0.619839 0.563265 0.502299 0.43908 0.371445 0.3 
0 0.275686 0.498883 0.630064 0.64675 0.608793 0.554384 0.495566 0.434488 0.369096 0.3 
0 0.269225 0.487554 0.61662 0.634122 0.598058 0.545751 0.48902 0.430023 0.366813 0.3 
0 0.26296 0.476564 0.603569 0.621857 0.587627 0.53736 0.482656 0.425681 0.364592 0.3 
0 0.256884 0.465901 0.5909 0.609943 0.577491 0.529204 0.47647 0.42146 0.362433 0.3 
0 0.250991 0.455556 0.5786 0.59837 0.567643 0.521277 0.470456 0.417357 0.360334 0.3 
0 0.245275 0.445518 0.566659 0.58713 0.558073 0.513574 0.46461 0.413368 0.358294 0.3 
0 0.239731 0.435777 0.555066 0.576212 0.548775 0.506087 0.458929 0.409491 0.35631 0.3 
0 0.234352 0.426325 0.543811 0.565607 0.539742 0.498812 0.453407 0.405722 0.354382 0.3 
0 0.229134 0.417153 0.532884 0.555307 0.530966 0.491743 0.448041 0.40206 0.352508 0.3 
0 0.224072 0.408251 0.522275 0.545303 0.522439 0.484873 0.442826 0.3985 0.350686 0.3 
0 0.219159 0.399611 0.511974 0.535587 0.514156 0.478199 0.437759 0.39504 0.348916 0.3 
0 0.214393 0.391226 0.501973 0.52615 0.506109 0.471714 0.432835 0.391679 0.347196 0.3 
0 0.209768 0.383087 0.492263 0.516984 0.498291 0.465413 0.42805 0.388412 0.345524 0.3 
0 0.205279 0.375187 0.482835 0.508082 0.490697 0.459292 0.423401 0.385237 0.3439 0.3 
0 0.200924 0.367519 0.47368 0.499436 0.483321 0.453344 0.418884 0.382153 0.342321 0.3 
0 0.196696 0.360076 0.464791 0.491039 0.476155 0.447567 0.414495 0.379156 0.340788 0.3 
0 0.192593 0.352851 0.45616 0.482883 0.469194 0.441954 0.410231 0.376245 0.339297 0.3 
0 0.188611 0.345837 0.44778 0.474963 0.462433 0.436501 0.406089 0.373416 0.33785 0.3 
0 0.184746 0.339028 0.439643 0.46727 0.455865 0.431204 0.402065 0.370667 0.336443 0.3 
0 0.180994 0.332418 0.431741 0.459799 0.449486 0.426058 0.398155 0.367997 0.335076 0.3 
0 0.177352 0.326001 0.424069 0.452543 0.44329 0.42106 0.394358 0.365403 0.333749 0.3 
0 0.173817 0.319771 0.416618 0.445496 0.437272 0.416205 0.390668 0.362884 0.332459 0.3 
0 0.170385 0.313722 0.409384 0.438652 0.431426 0.411488 0.387084 0.360436 0.331206 0.3 
